#          k/h    CDM            baryon         photon         nu             mass_nu        total          no_nu          total_de       Weyl           v_CDM          v_b            v_b-v_c     
   0.100502E-04   0.199895E+08   0.199895E+08   0.266387E+08   0.266383E+08   0.199918E+08   0.199895E+08   0.199895E+08   0.199966E+08  -0.469798E+00   0.998399E+07   0.998399E+07   0.630376E+01
   0.110957E-04   0.199895E+08   0.199895E+08   0.266357E+08   0.266352E+08   0.199918E+08   0.199895E+08   0.199895E+08   0.199966E+08  -0.469799E+00   0.998400E+07   0.998400E+07   0.695938E+01
   0.122501E-04   0.199895E+08   0.199895E+08   0.266320E+08   0.266313E+08   0.199918E+08   0.199895E+08   0.199895E+08   0.199966E+08  -0.469799E+00   0.998402E+07   0.998402E+07   0.768313E+01
   0.135246E-04   0.199895E+08   0.199895E+08   0.266275E+08   0.266267E+08   0.199917E+08   0.199895E+08   0.199895E+08   0.199966E+08  -0.469799E+00   0.998405E+07   0.998404E+07   0.848207E+01
   0.149316E-04   0.199895E+08   0.199895E+08   0.266220E+08   0.266210E+08   0.199917E+08   0.199895E+08   0.199895E+08   0.199966E+08  -0.469799E+00   0.998407E+07   0.998407E+07   0.936401E+01
   0.164851E-04   0.199895E+08   0.199895E+08   0.266152E+08   0.266141E+08   0.199917E+08   0.199895E+08   0.199895E+08   0.199966E+08  -0.469799E+00   0.998410E+07   0.998410E+07   0.103375E+02
   0.182001E-04   0.199895E+08   0.199895E+08   0.266071E+08   0.266057E+08   0.199917E+08   0.199895E+08   0.199895E+08   0.199966E+08  -0.469800E+00   0.998414E+07   0.998414E+07   0.114121E+02
   0.200936E-04   0.199895E+08   0.199895E+08   0.265971E+08   0.265954E+08   0.199917E+08   0.199895E+08   0.199895E+08   0.199966E+08  -0.469800E+00   0.998420E+07   0.998419E+07   0.125981E+02
   0.221841E-04   0.199895E+08   0.199895E+08   0.265850E+08   0.265829E+08   0.199916E+08   0.199895E+08   0.199895E+08   0.199966E+08  -0.469801E+00   0.998425E+07   0.998425E+07   0.139071E+02
   0.244921E-04   0.199895E+08   0.199895E+08   0.265702E+08   0.265677E+08   0.199916E+08   0.199895E+08   0.199895E+08   0.199966E+08  -0.469801E+00   0.998433E+07   0.998433E+07   0.153517E+02
   0.270401E-04   0.199895E+08   0.199895E+08   0.265522E+08   0.265492E+08   0.199916E+08   0.199895E+08   0.199895E+08   0.199966E+08  -0.469802E+00   0.998442E+07   0.998441E+07   0.169458E+02
   0.298533E-04   0.199895E+08   0.199895E+08   0.265303E+08   0.265266E+08   0.199915E+08   0.199895E+08   0.199895E+08   0.199966E+08  -0.469803E+00   0.998452E+07   0.998452E+07   0.187047E+02
   0.329592E-04   0.199895E+08   0.199895E+08   0.265036E+08   0.264991E+08   0.199914E+08   0.199896E+08   0.199895E+08   0.199966E+08  -0.469804E+00   0.998466E+07   0.998465E+07   0.206452E+02
   0.363881E-04   0.199896E+08   0.199896E+08   0.264710E+08   0.264656E+08   0.199914E+08   0.199896E+08   0.199896E+08   0.199966E+08  -0.469805E+00   0.998482E+07   0.998481E+07   0.227857E+02
   0.401738E-04   0.199896E+08   0.199896E+08   0.264315E+08   0.264248E+08   0.199913E+08   0.199896E+08   0.199896E+08   0.199967E+08  -0.469807E+00   0.998501E+07   0.998501E+07   0.251463E+02
   0.443534E-04   0.199896E+08   0.199896E+08   0.263833E+08   0.263751E+08   0.199912E+08   0.199896E+08   0.199896E+08   0.199967E+08  -0.469809E+00   0.998525E+07   0.998524E+07   0.277491E+02
   0.489678E-04   0.199897E+08   0.199896E+08   0.263247E+08   0.263148E+08   0.199910E+08   0.199897E+08   0.199897E+08   0.199967E+08  -0.469812E+00   0.998554E+07   0.998554E+07   0.306180E+02
   0.540623E-04   0.199897E+08   0.199897E+08   0.262534E+08   0.262413E+08   0.199908E+08   0.199897E+08   0.199897E+08   0.199967E+08  -0.469815E+00   0.998589E+07   0.998589E+07   0.337793E+02
   0.596867E-04   0.199898E+08   0.199897E+08   0.261667E+08   0.261521E+08   0.199906E+08   0.199898E+08   0.199898E+08   0.199968E+08  -0.469818E+00   0.998632E+07   0.998632E+07   0.372611E+02
   0.658964E-04   0.199898E+08   0.199898E+08   0.260614E+08   0.260437E+08   0.199904E+08   0.199898E+08   0.199898E+08   0.199968E+08  -0.469823E+00   0.998685E+07   0.998684E+07   0.410939E+02
   0.727520E-04   0.199899E+08   0.199899E+08   0.259337E+08   0.259121E+08   0.199901E+08   0.199899E+08   0.199899E+08   0.199968E+08  -0.469828E+00   0.998749E+07   0.998748E+07   0.453105E+02
   0.803209E-04   0.199900E+08   0.199900E+08   0.257787E+08   0.257525E+08   0.199897E+08   0.199900E+08   0.199900E+08   0.199969E+08  -0.469835E+00   0.998827E+07   0.998826E+07   0.499457E+02
   0.886773E-04   0.199902E+08   0.199901E+08   0.255910E+08   0.255592E+08   0.199892E+08   0.199901E+08   0.199901E+08   0.199970E+08  -0.469843E+00   0.998922E+07   0.998920E+07   0.550362E+02
   0.979030E-04   0.199903E+08   0.199902E+08   0.253638E+08   0.253255E+08   0.199887E+08   0.199903E+08   0.199903E+08   0.199971E+08  -0.469853E+00   0.999037E+07   0.999036E+07   0.606201E+02
   0.108089E-03   0.199905E+08   0.199904E+08   0.250895E+08   0.250431E+08   0.199880E+08   0.199905E+08   0.199905E+08   0.199972E+08  -0.469865E+00   0.999178E+07   0.999176E+07   0.667366E+02
   0.119334E-03   0.199907E+08   0.199906E+08   0.247589E+08   0.247029E+08   0.199872E+08   0.199907E+08   0.199907E+08   0.199973E+08  -0.469880E+00   0.999350E+07   0.999347E+07   0.734249E+02
   0.131749E-03   0.199910E+08   0.199909E+08   0.243613E+08   0.242939E+08   0.199862E+08   0.199910E+08   0.199910E+08   0.199975E+08  -0.469898E+00   0.999558E+07   0.999555E+07   0.807228E+02
   0.145456E-03   0.199914E+08   0.199912E+08   0.238846E+08   0.238038E+08   0.199849E+08   0.199913E+08   0.199913E+08   0.199977E+08  -0.469920E+00   0.999812E+07   0.999808E+07   0.886652E+02
   0.160588E-03   0.199918E+08   0.199916E+08   0.233153E+08   0.232186E+08   0.199834E+08   0.199917E+08   0.199918E+08   0.199979E+08  -0.469947E+00   0.100012E+08   0.100012E+08   0.972813E+02
   0.177296E-03   0.199923E+08   0.199921E+08   0.226384E+08   0.225232E+08   0.199816E+08   0.199922E+08   0.199923E+08   0.199983E+08  -0.469980E+00   0.100050E+08   0.100049E+08   0.106592E+03
   0.195741E-03   0.199929E+08   0.199927E+08   0.218380E+08   0.217015E+08   0.199794E+08   0.199928E+08   0.199929E+08   0.199987E+08  -0.470020E+00   0.100095E+08   0.100094E+08   0.116603E+03
   0.216105E-03   0.199937E+08   0.199934E+08   0.208980E+08   0.207372E+08   0.199767E+08   0.199936E+08   0.199937E+08   0.199992E+08  -0.470070E+00   0.100150E+08   0.100150E+08   0.127306E+03
   0.238588E-03   0.199947E+08   0.199943E+08   0.198032E+08   0.196152E+08   0.199735E+08   0.199945E+08   0.199946E+08   0.199998E+08  -0.470130E+00   0.100217E+08   0.100216E+08   0.138662E+03
   0.263410E-03   0.199958E+08   0.199954E+08   0.185412E+08   0.183236E+08   0.199695E+08   0.199956E+08   0.199958E+08   0.200006E+08  -0.470205E+00   0.100299E+08   0.100297E+08   0.150601E+03
   0.290814E-03   0.199973E+08   0.199968E+08   0.171050E+08   0.168560E+08   0.199647E+08   0.199971E+08   0.199972E+08   0.200016E+08  -0.470296E+00   0.100397E+08   0.100395E+08   0.163011E+03
   0.321070E-03   0.199991E+08   0.199985E+08   0.154961E+08   0.152154E+08   0.199590E+08   0.199988E+08   0.199990E+08   0.200029E+08  -0.470407E+00   0.100515E+08   0.100514E+08   0.175724E+03
   0.354473E-03   0.200013E+08   0.200005E+08   0.137292E+08   0.134182E+08   0.199520E+08   0.200009E+08   0.200012E+08   0.200046E+08  -0.470544E+00   0.100658E+08   0.100656E+08   0.188510E+03
   0.391351E-03   0.200040E+08   0.200031E+08   0.118360E+08   0.114992E+08   0.199435E+08   0.200036E+08   0.200039E+08   0.200067E+08  -0.470712E+00   0.100830E+08   0.100827E+08   0.201069E+03
   0.432066E-03   0.200074E+08   0.200064E+08   0.986994E+07   0.951518E+07   0.199334E+08   0.200069E+08   0.200073E+08   0.200095E+08  -0.470919E+00   0.101036E+08   0.101033E+08   0.213022E+03
   0.477017E-03   0.200117E+08   0.200104E+08   0.790786E+07   0.754726E+07   0.199211E+08   0.200110E+08   0.200114E+08   0.200131E+08  -0.471171E+00   0.101281E+08   0.101278E+08   0.223921E+03
   0.526645E-03   0.200169E+08   0.200154E+08   0.604764E+07   0.569734E+07   0.199065E+08   0.200161E+08   0.200167E+08   0.200177E+08  -0.471480E+00   0.101574E+08   0.101570E+08   0.233263E+03
   0.581435E-03   0.200234E+08   0.200217E+08   0.439850E+07   0.407759E+07   0.198890E+08   0.200225E+08   0.200231E+08   0.200236E+08  -0.471856E+00   0.101919E+08   0.101915E+08   0.240521E+03
   0.641926E-03   0.200315E+08   0.200295E+08   0.306162E+07   0.278952E+07   0.198681E+08   0.200304E+08   0.200312E+08   0.200312E+08  -0.472312E+00   0.102326E+08   0.102321E+08   0.245196E+03
   0.708710E-03   0.200415E+08   0.200392E+08   0.210194E+07   0.189412E+07   0.198432E+08   0.200402E+08   0.200411E+08   0.200407E+08  -0.472859E+00   0.102799E+08   0.102794E+08   0.246876E+03
   0.782442E-03   0.200539E+08   0.200512E+08   0.151793E+07   0.138065E+07   0.198136E+08   0.200523E+08   0.200534E+08   0.200527E+08  -0.473510E+00   0.103347E+08   0.103342E+08   0.245306E+03
   0.863845E-03   0.200689E+08   0.200660E+08   0.122483E+07   0.115097E+07   0.197786E+08   0.200671E+08   0.200684E+08   0.200674E+08  -0.474275E+00   0.103974E+08   0.103968E+08   0.240433E+03
   0.953717E-03   0.200872E+08   0.200840E+08   0.107280E+07   0.104157E+07   0.197372E+08   0.200850E+08   0.200867E+08   0.200853E+08  -0.475160E+00   0.104683E+08   0.104676E+08   0.232413E+03
   0.105294E-02   0.201091E+08   0.201056E+08   0.911748E+06   0.895178E+06   0.196882E+08   0.201065E+08   0.201085E+08   0.201067E+08  -0.476167E+00   0.105473E+08   0.105466E+08   0.221570E+03
   0.116248E-02   0.201348E+08   0.201310E+08   0.679533E+06   0.654654E+06   0.196303E+08   0.201318E+08   0.201342E+08   0.201320E+08  -0.477292E+00   0.106339E+08   0.106332E+08   0.208326E+03
   0.128342E-02   0.201644E+08   0.201605E+08   0.441591E+06   0.401429E+06   0.195623E+08   0.201609E+08   0.201638E+08   0.201611E+08  -0.478525E+00   0.107274E+08   0.107266E+08   0.193167E+03
   0.141695E-02   0.201979E+08   0.201938E+08   0.308974E+06   0.262590E+06   0.194831E+08   0.201938E+08   0.201972E+08   0.201939E+08  -0.479846E+00   0.108264E+08   0.108256E+08   0.176676E+03
   0.156436E-02   0.202345E+08   0.202303E+08   0.283471E+06  -0.362337E+06   0.193909E+08   0.202298E+08   0.202338E+08   0.202298E+08  -0.481228E+00   0.109294E+08   0.109286E+08   0.159606E+03
   0.172711E-02   0.202732E+08   0.202690E+08   0.240872E+06  -0.269047E+06   0.192841E+08   0.202678E+08   0.202725E+08   0.202678E+08  -0.482639E+00   0.110344E+08   0.110336E+08   0.142846E+03
   0.190680E-02   0.203125E+08   0.203084E+08   0.139933E+06  -0.198976E+06   0.191610E+08   0.203064E+08   0.203118E+08   0.203064E+08  -0.484034E+00   0.111395E+08   0.111388E+08   0.127221E+03
   0.210518E-02   0.203504E+08   0.203463E+08   0.963193E+05  -0.146271E+06   0.190200E+08   0.203435E+08   0.203498E+08   0.203435E+08  -0.485364E+00   0.112428E+08   0.112420E+08   0.113319E+03
   0.232419E-02   0.203847E+08   0.203805E+08   0.104718E+06  -0.106735E+06   0.188595E+08   0.203768E+08   0.203840E+08   0.203768E+08  -0.486572E+00   0.113417E+08   0.113410E+08   0.101462E+03
   0.256599E-02   0.204127E+08   0.204084E+08   0.637794E+05  -0.773400E+05   0.186783E+08   0.204038E+08   0.204120E+08   0.204038E+08  -0.487597E+00   0.114341E+08   0.114334E+08   0.916210E+02
   0.283295E-02   0.204318E+08   0.204273E+08   0.527124E+05  -0.557326E+05   0.184749E+08   0.204218E+08   0.204310E+08   0.204218E+08  -0.488372E+00   0.115173E+08   0.115166E+08   0.833280E+02
   0.312768E-02   0.204391E+08   0.204344E+08   0.404607E+05  -0.399801E+05   0.182471E+08   0.204280E+08   0.204383E+08   0.204280E+08  -0.488830E+00   0.115891E+08   0.115884E+08   0.759416E+02
   0.345308E-02   0.204318E+08   0.204268E+08   0.268150E+05  -0.285552E+05   0.179922E+08   0.204194E+08   0.204310E+08   0.204194E+08  -0.488900E+00   0.116473E+08   0.116466E+08   0.689415E+02
   0.381233E-02   0.204068E+08   0.204015E+08   0.159209E+05  -0.203241E+05   0.177073E+08   0.203932E+08   0.204059E+08   0.203932E+08  -0.488512E+00   0.116899E+08   0.116892E+08   0.622034E+02
   0.420895E-02   0.203611E+08   0.203555E+08   0.188417E+05  -0.144371E+05   0.173892E+08   0.203461E+08   0.203602E+08   0.203461E+08  -0.487595E+00   0.117151E+08   0.117143E+08   0.559797E+02
   0.464684E-02   0.202918E+08   0.202857E+08   0.121884E+05  -0.102471E+05   0.170352E+08   0.202753E+08   0.202907E+08   0.202753E+08  -0.486078E+00   0.117210E+08   0.117203E+08   0.505326E+02
   0.513028E-02   0.201956E+08   0.201890E+08   0.761957E+04  -0.727792E+04   0.166440E+08   0.201777E+08   0.201945E+08   0.201777E+08  -0.483891E+00   0.117060E+08   0.117053E+08   0.457824E+02
   0.566402E-02   0.200702E+08   0.200630E+08   0.694194E+04  -0.518067E+04   0.161894E+08   0.200506E+08   0.200690E+08   0.200506E+08  -0.480974E+00   0.116689E+08   0.116682E+08   0.414350E+02
   0.625329E-02   0.199113E+08   0.199034E+08   0.473491E+04  -0.370126E+04   0.157014E+08   0.198901E+08   0.199100E+08   0.198901E+08  -0.477232E+00   0.116075E+08   0.116068E+08   0.373991E+02
   0.690386E-02   0.197164E+08   0.197076E+08   0.340762E+04  -0.265792E+04   0.151649E+08   0.196934E+08   0.197149E+08   0.196934E+08  -0.472604E+00   0.115206E+08   0.115199E+08   0.338101E+02
   0.762212E-02   0.194824E+08   0.194725E+08   0.129308E+04  -0.192090E+04   0.145855E+08   0.194575E+08   0.194807E+08   0.194575E+08  -0.467020E+00   0.114068E+08   0.114061E+08   0.306209E+02
   0.841510E-02   0.192061E+08   0.191949E+08   0.696066E+03  -0.139853E+04   0.139689E+08   0.191794E+08   0.192042E+08   0.191794E+08  -0.460408E+00   0.112646E+08   0.112639E+08   0.277114E+02
   0.929058E-02   0.188847E+08   0.188720E+08   0.888173E+03  -0.102645E+04   0.133120E+08   0.188562E+08   0.188825E+08   0.188562E+08  -0.452699E+00   0.110926E+08   0.110919E+08   0.251119E+02
   0.102571E-01   0.185150E+08   0.185006E+08   0.189889E+03  -0.759621E+03   0.126120E+08   0.184847E+08   0.185126E+08   0.184847E+08  -0.443822E+00   0.108893E+08   0.108886E+08   0.227802E+02
   0.113243E-01   0.180941E+08   0.180776E+08   0.655650E+03  -0.566691E+03   0.118734E+08   0.180619E+08   0.180913E+08   0.180619E+08  -0.433705E+00   0.106532E+08   0.106525E+08   0.206856E+02
   0.125024E-01   0.176188E+08   0.175999E+08   0.440362E+03  -0.425893E+03   0.111021E+08   0.175848E+08   0.176156E+08   0.175848E+08  -0.422276E+00   0.103827E+08   0.103820E+08   0.188086E+02
   0.138031E-01   0.170864E+08   0.170648E+08   0.154985E+03  -0.322113E+03   0.103031E+08   0.170507E+08   0.170828E+08   0.170507E+08  -0.409473E+00   0.100766E+08   0.100759E+08   0.171223E+02
   0.152392E-01   0.164947E+08   0.164700E+08   0.177199E+03  -0.244840E+03   0.947927E+07   0.164574E+08   0.164906E+08   0.164574E+08  -0.395241E+00   0.973376E+07   0.973305E+07   0.156017E+02
   0.168246E-01   0.158605E+08   0.158324E+08   0.826597E+01  -0.186954E+03   0.865184E+07   0.158216E+08   0.158557E+08   0.158216E+08  -0.379988E+00   0.936427E+07   0.936356E+07   0.142360E+02
   0.185750E-01   0.151509E+08   0.151192E+08  -0.359798E+02  -0.142880E+03   0.780987E+07   0.151109E+08   0.151456E+08   0.151109E+08  -0.362928E+00   0.894902E+07   0.894829E+07   0.129775E+02
   0.205075E-01   0.143830E+08   0.143474E+08   0.113014E+03  -0.109204E+03   0.697357E+07   0.143420E+08   0.143770E+08   0.143420E+08  -0.344469E+00   0.849816E+07   0.849743E+07   0.118124E+02
   0.226410E-01   0.135476E+08   0.135082E+08   0.336338E+02  -0.832537E+02   0.614857E+07   0.135060E+08   0.135410E+08   0.135060E+08  -0.324398E+00   0.800654E+07   0.800581E+07   0.107101E+02
   0.249965E-01   0.126785E+08   0.126355E+08  -0.243354E+02  -0.633319E+02   0.536051E+07   0.126367E+08   0.126713E+08   0.126367E+08  -0.303522E+00   0.749424E+07   0.749351E+07   0.965756E+01
   0.275971E-01   0.117869E+08   0.117409E+08  -0.509152E+01  -0.480239E+02   0.462051E+07   0.117453E+08   0.117791E+08   0.117453E+08  -0.282115E+00   0.696806E+07   0.696735E+07   0.863334E+01
   0.304682E-01   0.108769E+08   0.108289E+08   0.207850E+02  -0.362439E+02   0.393496E+07   0.108360E+08   0.108689E+08   0.108360E+08  -0.260279E+00   0.643067E+07   0.642997E+07   0.761323E+01
   0.336380E-01   0.997666E+07   0.992800E+07   0.215036E+02  -0.272445E+02   0.331604E+07   0.993701E+07   0.996849E+07   0.993701E+07  -0.238687E+00   0.589877E+07   0.589810E+07   0.658975E+01
   0.371376E-01   0.912362E+07   0.907622E+07  -0.256705E+02  -0.204501E+02   0.277415E+07   0.908565E+07   0.911566E+07   0.908565E+07  -0.218239E+00   0.539470E+07   0.539408E+07   0.556758E+01
   0.410013E-01   0.834352E+07   0.829950E+07  -0.119982E+02  -0.153675E+02   0.231094E+07   0.830762E+07   0.833613E+07   0.830762E+07  -0.199551E+00   0.493379E+07   0.493322E+07   0.456171E+01
   0.451014E-01   0.767996E+07   0.764119E+07   0.246811E+03  -0.117171E+02   0.193663E+07   0.764630E+07   0.767345E+07   0.764630E+07  -0.183667E+00   0.454186E+07   0.454137E+07   0.363834E+01
   0.492015E-01   0.716357E+07   0.713090E+07   0.193451E+03  -0.920698E+01   0.165246E+07   0.713203E+07   0.715808E+07   0.713203E+07  -0.171315E+00   0.423701E+07   0.423659E+07   0.287096E+01
   0.533016E-01   0.674835E+07   0.672178E+07   0.155285E+03  -0.740936E+01   0.143006E+07   0.671874E+07   0.674389E+07   0.671874E+07  -0.161388E+00   0.399197E+07   0.399161E+07   0.225938E+01
   0.574018E-01   0.639836E+07   0.637716E+07   0.126954E+03  -0.607261E+01   0.125037E+07   0.637046E+07   0.639480E+07   0.637046E+07  -0.153022E+00   0.378542E+07   0.378512E+07   0.179691E+01
   0.615019E-01   0.608577E+07   0.606868E+07   0.105188E+03  -0.504355E+01   0.110054E+07   0.605932E+07   0.608290E+07   0.605932E+07  -0.145549E+00   0.360086E+07   0.360059E+07   0.146850E+01
   0.656020E-01   0.578522E+07   0.577076E+07   0.878820E+02  -0.422337E+01   0.971193E+06   0.576002E+07   0.578279E+07   0.576002E+07  -0.138360E+00   0.342325E+07   0.342301E+07   0.125116E+01
   0.697021E-01   0.548053E+07   0.546724E+07   0.737418E+02  -0.355148E+01   0.856571E+06   0.545643E+07   0.547830E+07   0.545643E+07  -0.131068E+00   0.324304E+07   0.324281E+07   0.111799E+01
   0.738023E-01   0.517511E+07   0.516179E+07   0.621034E+02  -0.299703E+01   0.755069E+06   0.515197E+07   0.517288E+07   0.515197E+07  -0.123754E+00   0.306226E+07   0.306203E+07   0.104301E+01
   0.779024E-01   0.485943E+07   0.484526E+07   0.523309E+02  -0.253017E+01   0.663525E+06   0.483721E+07   0.485705E+07   0.483721E+07  -0.116194E+00   0.287532E+07   0.287509E+07   0.998920E+00
   0.820025E-01   0.455067E+07   0.453532E+07   0.442210E+02  -0.214171E+01   0.582856E+06   0.452933E+07   0.454809E+07   0.452933E+07  -0.108798E+00   0.269244E+07   0.269220E+07   0.966520E+00
   0.861027E-01   0.425922E+07   0.424277E+07   0.375352E+02  -0.182064E+01   0.512832E+06   0.423874E+07   0.425646E+07   0.423874E+07  -0.101818E+00   0.251981E+07   0.251957E+07   0.931084E+00
   0.912307E-01   0.393263E+07   0.391542E+07   0.308655E+02  -0.149942E+01   0.439542E+06   0.391322E+07   0.392974E+07   0.391322E+07  -0.939989E-01   0.232640E+07   0.232616E+07   0.870083E+00
   0.963588E-01   0.366043E+07   0.364347E+07   0.257528E+02  -0.124974E+01   0.380902E+06   0.364208E+07   0.365758E+07   0.364208E+07  -0.874858E-01   0.216529E+07   0.216507E+07   0.787412E+00
   0.101487E+00   0.344766E+07   0.343196E+07   0.218042E+02  -0.112401E+01   0.334939E+06   0.343031E+07   0.344503E+07   0.343031E+07  -0.823990E-01   0.203946E+07   0.203925E+07   0.689384E+00
   0.106615E+00   0.328659E+07   0.327287E+07   0.189194E+02  -0.886910E+00   0.298847E+06   0.327016E+07   0.328428E+07   0.327016E+07  -0.785521E-01   0.194431E+07   0.194412E+07   0.587366E+00
   0.111743E+00   0.316027E+07   0.314879E+07   0.165204E+02  -0.818457E+00   0.269592E+06   0.314467E+07   0.315834E+07   0.314467E+07  -0.755378E-01   0.186975E+07   0.186958E+07   0.493210E+00
   0.116871E+00   0.304966E+07   0.304022E+07   0.145741E+02  -0.723275E+00   0.244595E+06   0.303481E+07   0.304808E+07   0.303481E+07  -0.728989E-01   0.180447E+07   0.180432E+07   0.415930E+00
   0.121999E+00   0.293950E+07   0.293154E+07   0.128953E+02  -0.636987E+00   0.222096E+06   0.292531E+07   0.293816E+07   0.292531E+07  -0.702685E-01   0.173940E+07   0.173927E+07   0.359915E+00
   0.127127E+00   0.282062E+07   0.281344E+07   0.113970E+02  -0.561858E+00   0.201131E+06   0.280702E+07   0.281941E+07   0.280702E+07  -0.674273E-01   0.166910E+07   0.166897E+07   0.324623E+00
   0.132255E+00   0.269050E+07   0.268344E+07   0.100439E+02  -0.495724E+00   0.181376E+06   0.267744E+07   0.268931E+07   0.267744E+07  -0.643147E-01   0.159208E+07   0.159196E+07   0.305616E+00
   0.137383E+00   0.255226E+07   0.254484E+07   0.882993E+01  -0.435191E+00   0.162923E+06   0.253971E+07   0.255101E+07   0.253971E+07  -0.610062E-01   0.151021E+07   0.151008E+07   0.296378E+00
   0.142512E+00   0.241271E+07   0.240474E+07   0.775643E+01  -0.382551E+00   0.146061E+06   0.240065E+07   0.241137E+07   0.240065E+07  -0.576659E-01   0.142754E+07   0.142742E+07   0.290273E+00
   0.147640E+00   0.228046E+07   0.227203E+07   0.682856E+01  -0.338669E+00   0.131117E+06   0.226888E+07   0.227905E+07   0.226888E+07  -0.545007E-01   0.134920E+07   0.134908E+07   0.282141E+00
   0.152768E+00   0.216362E+07   0.215501E+07   0.605213E+01  -0.298690E+00   0.118312E+06   0.215250E+07   0.216217E+07   0.215250E+07  -0.517051E-01   0.128002E+07   0.127989E+07   0.269165E+00
   0.157896E+00   0.206679E+07   0.205837E+07   0.541117E+01  -0.267667E+00   0.107630E+06   0.205611E+07   0.206537E+07   0.205611E+07  -0.493896E-01   0.122271E+07   0.122259E+07   0.250907E+00
   0.163024E+00   0.198945E+07   0.198157E+07   0.488545E+01  -0.242515E+00   0.987894E+05   0.197919E+07   0.198813E+07   0.197919E+07  -0.475419E-01   0.117698E+07   0.117687E+07   0.228781E+00
   0.168152E+00   0.192733E+07   0.192021E+07   0.444870E+01  -0.220980E+00   0.913673E+05   0.191745E+07   0.192613E+07   0.191745E+07  -0.460589E-01   0.114028E+07   0.114017E+07   0.205267E+00
   0.173280E+00   0.187481E+07   0.186853E+07   0.407535E+01  -0.202468E+00   0.849449E+05   0.186529E+07   0.187375E+07   0.186529E+07  -0.448060E-01   0.110927E+07   0.110917E+07   0.183064E+00
   0.178408E+00   0.182614E+07   0.182059E+07   0.374495E+01  -0.185938E+00   0.791618E+05   0.181694E+07   0.182521E+07   0.181694E+07  -0.436447E-01   0.108052E+07   0.108044E+07   0.164305E+00
   0.183536E+00   0.177599E+07   0.177099E+07   0.344202E+01  -0.170424E+00   0.737316E+05   0.176710E+07   0.177515E+07   0.176710E+07  -0.424474E-01   0.105089E+07   0.105081E+07   0.150072E+00
   0.188664E+00   0.172095E+07   0.171623E+07   0.315648E+01  -0.156346E+00   0.684887E+05   0.171234E+07   0.172016E+07   0.171234E+07  -0.411321E-01   0.101834E+07   0.101826E+07   0.140334E+00
   0.193792E+00   0.166067E+07   0.165600E+07   0.288621E+01  -0.143586E+00   0.634098E+05   0.165233E+07   0.165989E+07   0.165233E+07  -0.396906E-01   0.982655E+06   0.982577E+06   0.134197E+00
   0.198920E+00   0.159734E+07   0.159257E+07   0.263580E+01  -0.130054E+00   0.585689E+05   0.158926E+07   0.159654E+07   0.158926E+07  -0.381756E-01   0.945155E+06   0.945078E+06   0.130274E+00
   0.204049E+00   0.153409E+07   0.152916E+07   0.240552E+01  -0.118870E+00   0.540596E+05   0.152626E+07   0.153326E+07   0.152626E+07  -0.366623E-01   0.907694E+06   0.907616E+06   0.127083E+00
   0.209177E+00   0.147398E+07   0.146892E+07   0.219756E+01  -0.110356E+00   0.499596E+05   0.146640E+07   0.147313E+07   0.146640E+07  -0.352243E-01   0.872097E+06   0.872019E+06   0.123413E+00
   0.214305E+00   0.141962E+07   0.141454E+07   0.201886E+01  -0.987819E-01   0.463170E+05   0.141227E+07   0.141877E+07   0.141227E+07  -0.339242E-01   0.839914E+06   0.839838E+06   0.118567E+00
   0.219433E+00   0.137257E+07   0.136760E+07   0.186061E+01  -0.922589E-01   0.431394E+05   0.136545E+07   0.137174E+07   0.136545E+07  -0.327995E-01   0.812073E+06   0.811999E+06   0.112419E+00
   0.224561E+00   0.133284E+07   0.132810E+07   0.172446E+01  -0.862713E-01   0.403830E+05   0.132593E+07   0.133204E+07   0.132593E+07  -0.318501E-01   0.788571E+06   0.788500E+06   0.105304E+00
   0.229689E+00   0.129901E+07   0.129458E+07   0.160658E+01  -0.803186E-01   0.379684E+05   0.129230E+07   0.129827E+07   0.129230E+07  -0.310424E-01   0.768577E+06   0.768510E+06   0.978263E-01
   0.234817E+00   0.126896E+07   0.126487E+07   0.150172E+01  -0.750263E-01   0.358038E+05   0.126244E+07   0.126828E+07   0.126244E+07  -0.303251E-01   0.750820E+06   0.750756E+06   0.906568E-01
   0.239945E+00   0.124041E+07   0.123661E+07   0.140602E+01  -0.701146E-01   0.338058E+05   0.123407E+07   0.123977E+07   0.123407E+07  -0.296435E-01   0.733946E+06   0.733886E+06   0.843440E-01
   0.245073E+00   0.121142E+07   0.120785E+07   0.131623E+01  -0.657317E-01   0.319098E+05   0.120524E+07   0.121082E+07   0.120524E+07  -0.289510E-01   0.716805E+06   0.716747E+06   0.791945E-01
   0.250201E+00   0.118086E+07   0.117743E+07   0.123102E+01  -0.614332E-01   0.300803E+05   0.117484E+07   0.118028E+07   0.117484E+07  -0.282208E-01   0.698727E+06   0.698670E+06   0.752417E-01
   0.255329E+00   0.114862E+07   0.114525E+07   0.114980E+01  -0.573608E-01   0.283108E+05   0.114275E+07   0.114805E+07   0.114275E+07  -0.274500E-01   0.679646E+06   0.679591E+06   0.722886E-01
   0.260457E+00   0.111539E+07   0.111202E+07   0.107301E+01  -0.535101E-01   0.266152E+05   0.110967E+07   0.111482E+07   0.110967E+07  -0.266554E-01   0.659974E+06   0.659919E+06   0.699937E-01
   0.265586E+00   0.108225E+07   0.107886E+07   0.100131E+01  -0.499104E-01   0.250141E+05   0.107668E+07   0.108168E+07   0.107668E+07  -0.258629E-01   0.640354E+06   0.640300E+06   0.679759E-01
   0.270714E+00   0.105037E+07   0.104697E+07   0.935261E+00  -0.466913E-01   0.235274E+05   0.104494E+07   0.104980E+07   0.104494E+07  -0.251005E-01   0.621480E+06   0.621426E+06   0.659111E-01
   0.275842E+00   0.102076E+07   0.101738E+07   0.875490E+00  -0.436147E-01   0.221691E+05   0.101546E+07   0.102019E+07   0.101546E+07  -0.243925E-01   0.603951E+06   0.603899E+06   0.635982E-01
   0.280970E+00   0.994009E+06   0.990698E+06   0.821653E+00  -0.409938E-01   0.209419E+05   0.988851E+06   0.993453E+06   0.988851E+06  -0.237532E-01   0.588124E+06   0.588073E+06   0.609795E-01
   0.286098E+00   0.970153E+06   0.966947E+06   0.773397E+00  -0.386376E-01   0.198370E+05   0.965120E+06   0.969615E+06   0.965120E+06  -0.231831E-01   0.574012E+06   0.573962E+06   0.581214E-01
   0.291226E+00   0.948720E+06   0.945649E+06   0.729974E+00  -0.364109E-01   0.188353E+05   0.943806E+06   0.948204E+06   0.943806E+06  -0.226711E-01   0.561337E+06   0.561288E+06   0.551719E-01
   0.296354E+00   0.928973E+06   0.926047E+06   0.690418E+00  -0.342800E-01   0.179158E+05   0.924172E+06   0.928482E+06   0.924172E+06  -0.221995E-01   0.549661E+06   0.549614E+06   0.523073E-01
   0.301482E+00   0.910110E+06   0.907321E+06   0.653234E+00  -0.328120E-01   0.170569E+05   0.905418E+06   0.909642E+06   0.905418E+06  -0.217490E-01   0.538507E+06   0.538462E+06   0.496811E-01
   0.306610E+00   0.891426E+06   0.888750E+06   0.618819E+00  -0.308611E-01   0.162422E+05   0.886837E+06   0.890977E+06   0.886837E+06  -0.213027E-01   0.527458E+06   0.527414E+06   0.473880E-01
   0.311738E+00   0.872457E+06   0.869864E+06   0.586080E+00  -0.290311E-01   0.154605E+05   0.867968E+06   0.872022E+06   0.867968E+06  -0.208494E-01   0.516236E+06   0.516194E+06   0.454509E-01
   0.316866E+00   0.853075E+06   0.850535E+06   0.554286E+00  -0.278492E-01   0.147081E+05   0.848683E+06   0.852648E+06   0.848683E+06  -0.203862E-01   0.504767E+06   0.504725E+06   0.438280E-01
   0.321994E+00   0.833465E+06   0.830956E+06   0.524626E+00  -0.261525E-01   0.139862E+05   0.829167E+06   0.833044E+06   0.829167E+06  -0.199174E-01   0.493161E+06   0.493120E+06   0.424341E-01
   0.327123E+00   0.814005E+06   0.811515E+06   0.496563E+00  -0.246184E-01   0.132998E+05   0.809800E+06   0.813587E+06   0.809800E+06  -0.194522E-01   0.481643E+06   0.481602E+06   0.411667E-01
   0.332251E+00   0.795118E+06   0.792648E+06   0.470030E+00  -0.234598E-01   0.126534E+05   0.791002E+06   0.794703E+06   0.791002E+06  -0.190006E-01   0.470464E+06   0.470424E+06   0.399326E-01
   0.337379E+00   0.777161E+06   0.774719E+06   0.445478E+00  -0.223129E-01   0.120503E+05   0.773132E+06   0.776751E+06   0.773132E+06  -0.185714E-01   0.459836E+06   0.459797E+06   0.386672E-01
   0.342507E+00   0.760353E+06   0.757953E+06   0.422878E+00  -0.211920E-01   0.114910E+05   0.756408E+06   0.759950E+06   0.756408E+06  -0.181697E-01   0.449890E+06   0.449851E+06   0.373437E-01
   0.347635E+00   0.744740E+06   0.742396E+06   0.402073E+00  -0.201420E-01   0.109735E+05   0.740876E+06   0.744347E+06   0.740876E+06  -0.177966E-01   0.440652E+06   0.440615E+06   0.359710E-01
   0.352763E+00   0.730200E+06   0.727922E+06   0.382847E+00  -0.191786E-01   0.104936E+05   0.726413E+06   0.729818E+06   0.726413E+06  -0.174492E-01   0.432051E+06   0.432015E+06   0.345835E-01
   0.357891E+00   0.716494E+06   0.714288E+06   0.364970E+00  -0.182885E-01   0.100453E+05   0.712782E+06   0.716124E+06   0.712782E+06  -0.171217E-01   0.423944E+06   0.423909E+06   0.332274E-01
   0.363019E+00   0.703343E+06   0.701206E+06   0.348247E+00  -0.174249E-01   0.962335E+04   0.699702E+06   0.702984E+06   0.699702E+06  -0.168075E-01   0.416165E+06   0.416131E+06   0.319464E-01
   0.368147E+00   0.690488E+06   0.688413E+06   0.332435E+00  -0.166240E-01   0.922239E+04   0.686917E+06   0.690140E+06   0.686917E+06  -0.165004E-01   0.408562E+06   0.408528E+06   0.307709E-01
   0.373275E+00   0.677738E+06   0.675714E+06   0.317383E+00  -0.158832E-01   0.883920E+04   0.674234E+06   0.677398E+06   0.674234E+06  -0.161958E-01   0.401019E+06   0.400985E+06   0.297124E-01
   0.378403E+00   0.665000E+06   0.663018E+06   0.303032E+00  -0.151677E-01   0.847121E+04   0.661562E+06   0.664667E+06   0.661562E+06  -0.158914E-01   0.393482E+06   0.393449E+06   0.287632E-01
   0.383531E+00   0.652301E+06   0.650351E+06   0.289369E+00  -0.144636E-01   0.811843E+04   0.648927E+06   0.651974E+06   0.648927E+06  -0.155879E-01   0.385968E+06   0.385935E+06   0.279022E-01
   0.388660E+00   0.639764E+06   0.637840E+06   0.276351E+00  -0.138285E-01   0.778125E+04   0.636452E+06   0.639441E+06   0.636452E+06  -0.152882E-01   0.378548E+06   0.378517E+06   0.271021E-01
   0.393788E+00   0.627530E+06   0.625631E+06   0.264065E+00  -0.132005E-01   0.746098E+04   0.624278E+06   0.627212E+06   0.624278E+06  -0.149958E-01   0.371308E+06   0.371277E+06   0.263352E-01
   0.398916E+00   0.615714E+06   0.613841E+06   0.252349E+00  -0.127445E-01   0.715761E+04   0.612521E+06   0.615399E+06   0.612521E+06  -0.147133E-01   0.364315E+06   0.364285E+06   0.255799E-01
   0.404044E+00   0.604390E+06   0.602548E+06   0.241502E+00  -0.121532E-01   0.687158E+04   0.601255E+06   0.604081E+06   0.601255E+06  -0.144427E-01   0.357615E+06   0.357585E+06   0.248241E-01
   0.409172E+00   0.593602E+06   0.591793E+06   0.231273E+00  -0.116487E-01   0.660208E+04   0.590522E+06   0.593298E+06   0.590522E+06  -0.141849E-01   0.351231E+06   0.351202E+06   0.240668E-01
   0.414300E+00   0.583333E+06   0.581563E+06   0.221791E+00  -0.110556E-01   0.634838E+04   0.580307E+06   0.583036E+06   0.580307E+06  -0.139395E-01   0.345156E+06   0.345127E+06   0.233149E-01
   0.419428E+00   0.573509E+06   0.571778E+06   0.212711E+00  -0.106518E-01   0.610855E+04   0.570534E+06   0.573218E+06   0.570534E+06  -0.137048E-01   0.339344E+06   0.339316E+06   0.225799E-01
   0.424556E+00   0.564022E+06   0.562331E+06   0.204190E+00  -0.102041E-01   0.588101E+04   0.561098E+06   0.563738E+06   0.561098E+06  -0.134781E-01   0.333732E+06   0.333704E+06   0.218734E-01
   0.429684E+00   0.554779E+06   0.553125E+06   0.196032E+00  -0.984542E-02   0.566407E+04   0.551904E+06   0.554502E+06   0.551904E+06  -0.132573E-01   0.328264E+06   0.328237E+06   0.212050E-01
   0.434812E+00   0.545713E+06   0.544093E+06   0.188372E+00  -0.939327E-02   0.545654E+04   0.542886E+06   0.545441E+06   0.542886E+06  -0.130406E-01   0.322900E+06   0.322873E+06   0.205797E-01
   0.439940E+00   0.536780E+06   0.535190E+06   0.180997E+00  -0.902216E-02   0.525763E+04   0.533999E+06   0.536513E+06   0.533999E+06  -0.128272E-01   0.317615E+06   0.317588E+06   0.199969E-01
   0.445069E+00   0.527963E+06   0.526399E+06   0.173921E+00  -0.869479E-02   0.506669E+04   0.525227E+06   0.527700E+06   0.525227E+06  -0.126165E-01   0.312397E+06   0.312371E+06   0.194516E-01
   0.450197E+00   0.519279E+06   0.517739E+06   0.167160E+00  -0.838371E-02   0.488371E+04   0.516587E+06   0.519021E+06   0.516587E+06  -0.124089E-01   0.307259E+06   0.307234E+06   0.189361E-01
   0.455325E+00   0.510774E+06   0.509257E+06   0.160736E+00  -0.806472E-02   0.470843E+04   0.508126E+06   0.510520E+06   0.508126E+06  -0.122057E-01   0.302227E+06   0.302201E+06   0.184423E-01
   0.460453E+00   0.502496E+06   0.501001E+06   0.154631E+00  -0.775551E-02   0.454129E+04   0.499890E+06   0.502245E+06   0.499890E+06  -0.120078E-01   0.297328E+06   0.297303E+06   0.179632E-01
   0.465581E+00   0.494476E+06   0.493003E+06   0.148827E+00  -0.746750E-02   0.438189E+04   0.491910E+06   0.494229E+06   0.491910E+06  -0.118162E-01   0.292582E+06   0.292558E+06   0.174941E-01
   0.470709E+00   0.486721E+06   0.485272E+06   0.143330E+00  -0.717975E-02   0.423022E+04   0.484196E+06   0.486478E+06   0.484196E+06  -0.116309E-01   0.287994E+06   0.287970E+06   0.170328E-01
   0.475837E+00   0.479226E+06   0.477802E+06   0.138099E+00  -0.691626E-02   0.408554E+04   0.476739E+06   0.478987E+06   0.476739E+06  -0.114517E-01   0.283559E+06   0.283536E+06   0.165799E-01
   0.480965E+00   0.471974E+06   0.470575E+06   0.133122E+00  -0.666910E-02   0.394781E+04   0.469525E+06   0.471739E+06   0.469525E+06  -0.112785E-01   0.279268E+06   0.279245E+06   0.161378E-01
   0.486093E+00   0.464941E+06   0.463567E+06   0.128383E+00  -0.643494E-02   0.381613E+04   0.462529E+06   0.464710E+06   0.462529E+06  -0.111104E-01   0.275107E+06   0.275084E+06   0.157098E-01
   0.491221E+00   0.458092E+06   0.456743E+06   0.123869E+00  -0.620466E-02   0.369028E+04   0.455716E+06   0.457865E+06   0.455716E+06  -0.109467E-01   0.271055E+06   0.271033E+06   0.152985E-01
   0.496349E+00   0.451390E+06   0.450064E+06   0.119547E+00  -0.598942E-02   0.356940E+04   0.449050E+06   0.451168E+06   0.449050E+06  -0.107866E-01   0.267090E+06   0.267068E+06   0.149054E-01
   0.501477E+00   0.444811E+06   0.443506E+06   0.115426E+00  -0.576301E-02   0.345341E+04   0.442504E+06   0.444592E+06   0.442504E+06  -0.106294E-01   0.263197E+06   0.263175E+06   0.145307E-01
   0.506606E+00   0.438347E+06   0.437063E+06   0.111459E+00  -0.556312E-02   0.334176E+04   0.436073E+06   0.438131E+06   0.436073E+06  -0.104749E-01   0.259373E+06   0.259351E+06   0.141736E-01
   0.511734E+00   0.432004E+06   0.430740E+06   0.107643E+00  -0.538664E-02   0.323451E+04   0.429764E+06   0.431792E+06   0.429764E+06  -0.103234E-01   0.255620E+06   0.255599E+06   0.138320E-01
   0.516862E+00   0.425791E+06   0.424544E+06   0.103978E+00  -0.522581E-02   0.313147E+04   0.423582E+06   0.425581E+06   0.423582E+06  -0.101749E-01   0.251943E+06   0.251922E+06   0.135035E-01
   0.521990E+00   0.419711E+06   0.418482E+06   0.100517E+00  -0.502321E-02   0.303253E+04   0.417534E+06   0.419504E+06   0.417534E+06  -0.100296E-01   0.248346E+06   0.248325E+06   0.131856E-01
   0.527118E+00   0.413775E+06   0.412563E+06   0.971556E-01  -0.487727E-02   0.293757E+04   0.411628E+06   0.413571E+06   0.411628E+06  -0.988771E-02   0.244833E+06   0.244813E+06   0.128765E-01
   0.532246E+00   0.407992E+06   0.406798E+06   0.939832E-01  -0.469452E-02   0.284644E+04   0.405875E+06   0.407792E+06   0.405875E+06  -0.974952E-02   0.241412E+06   0.241392E+06   0.125751E-01
   0.537374E+00   0.402365E+06   0.401189E+06   0.908974E-01  -0.457093E-02   0.275916E+04   0.400277E+06   0.402168E+06   0.400277E+06  -0.961506E-02   0.238082E+06   0.238063E+06   0.122810E-01
   0.542502E+00   0.396884E+06   0.395726E+06   0.879858E-01  -0.441033E-02   0.267530E+04   0.394825E+06   0.396690E+06   0.394825E+06  -0.948409E-02   0.234840E+06   0.234820E+06   0.119945E-01
   0.547630E+00   0.391537E+06   0.390396E+06   0.852026E-01  -0.424964E-02   0.259484E+04   0.389506E+06   0.391346E+06   0.389506E+06  -0.935631E-02   0.231676E+06   0.231656E+06   0.117161E-01
   0.552758E+00   0.386313E+06   0.385189E+06   0.825092E-01  -0.411958E-02   0.251736E+04   0.384309E+06   0.386124E+06   0.384309E+06  -0.923148E-02   0.228585E+06   0.228566E+06   0.114463E-01
   0.559946E+00   0.379191E+06   0.378091E+06   0.789076E-01  -0.395529E-02   0.241393E+04   0.377224E+06   0.379006E+06   0.377224E+06  -0.906130E-02   0.224371E+06   0.224352E+06   0.110840E-01
   0.593872E+00   0.348057E+06   0.347053E+06   0.643990E-01  -0.321861E-02   0.199120E+04   0.346251E+06   0.347888E+06   0.346251E+06  -0.831730E-02   0.205949E+06   0.205932E+06   0.959175E-02
   0.629853E+00   0.319435E+06   0.318521E+06   0.525429E-01  -0.262688E-02   0.164120E+04   0.317779E+06   0.319282E+06   0.317779E+06  -0.763336E-02   0.189014E+06   0.188999E+06   0.829045E-02
   0.879031E+00   0.195198E+06   0.194662E+06   0.164831E-01  -0.825914E-03   0.539485E+03   0.194187E+06   0.195108E+06   0.194187E+06  -0.466457E-02   0.115504E+06   0.115494E+06   0.363314E-02
   0.122679E+01   0.118176E+06   0.117865E+06   0.512328E-02  -0.256994E-03   0.172972E+03   0.117566E+06   0.118124E+06   0.117566E+06  -0.282404E-02   0.699291E+05   0.699232E+05   0.159837E-02
   0.171212E+01   0.707345E+05   0.705561E+05   0.127439E-02  -0.379020E-03   0.542238E+02   0.703702E+05   0.707045E+05   0.703702E+05  -0.169036E-02   0.418570E+05   0.418534E+05   0.713577E-03
   0.238945E+01   0.416797E+05   0.415780E+05   0.362101E-03  -0.138116E-03   0.165875E+02   0.414655E+05   0.416626E+05   0.414655E+05  -0.996042E-03   0.246640E+05   0.246617E+05   0.328475E-03
