#           k/h    P           
    0.10000E-03    0.51729E+03
    0.10202E-03    0.52732E+03
    0.10408E-03    0.53755E+03
    0.10618E-03    0.54797E+03
    0.10833E-03    0.55859E+03
    0.11052E-03    0.56943E+03
    0.11275E-03    0.58047E+03
    0.11503E-03    0.59172E+03
    0.11735E-03    0.60320E+03
    0.11972E-03    0.61489E+03
    0.12214E-03    0.62681E+03
    0.12461E-03    0.63897E+03
    0.12712E-03    0.65136E+03
    0.12969E-03    0.66399E+03
    0.13231E-03    0.67687E+03
    0.13499E-03    0.68999E+03
    0.13771E-03    0.70337E+03
    0.14049E-03    0.71701E+03
    0.14333E-03    0.73092E+03
    0.14623E-03    0.74509E+03
    0.14918E-03    0.75954E+03
    0.15220E-03    0.77427E+03
    0.15527E-03    0.78929E+03
    0.15841E-03    0.80460E+03
    0.16161E-03    0.82020E+03
    0.16487E-03    0.83611E+03
    0.16820E-03    0.85233E+03
    0.17160E-03    0.86886E+03
    0.17507E-03    0.88571E+03
    0.17860E-03    0.90289E+03
    0.18221E-03    0.92040E+03
    0.18589E-03    0.93826E+03
    0.18965E-03    0.95646E+03
    0.19348E-03    0.97501E+03
    0.19739E-03    0.99393E+03
    0.20138E-03    0.10132E+04
    0.20544E-03    0.10329E+04
    0.20959E-03    0.10529E+04
    0.21383E-03    0.10733E+04
    0.21815E-03    0.10942E+04
    0.22255E-03    0.11154E+04
    0.22705E-03    0.11370E+04
    0.23164E-03    0.11591E+04
    0.23632E-03    0.11816E+04
    0.24109E-03    0.12045E+04
    0.24596E-03    0.12279E+04
    0.25093E-03    0.12517E+04
    0.25600E-03    0.12760E+04
    0.26117E-03    0.13008E+04
    0.26645E-03    0.13260E+04
    0.27183E-03    0.13518E+04
    0.27732E-03    0.13780E+04
    0.28292E-03    0.14048E+04
    0.28864E-03    0.14321E+04
    0.29447E-03    0.14599E+04
    0.30042E-03    0.14882E+04
    0.30649E-03    0.15171E+04
    0.31268E-03    0.15466E+04
    0.31899E-03    0.15766E+04
    0.32544E-03    0.16073E+04
    0.33201E-03    0.16385E+04
    0.33872E-03    0.16703E+04
    0.34556E-03    0.17028E+04
    0.35254E-03    0.17359E+04
    0.35966E-03    0.17696E+04
    0.36693E-03    0.18040E+04
    0.37434E-03    0.18391E+04
    0.38190E-03    0.18748E+04
    0.38962E-03    0.19113E+04
    0.39749E-03    0.19484E+04
    0.40552E-03    0.19863E+04
    0.41371E-03    0.20250E+04
    0.42207E-03    0.20644E+04
    0.43060E-03    0.21045E+04
    0.43929E-03    0.21455E+04
    0.44817E-03    0.21873E+04
    0.45722E-03    0.22299E+04
    0.46646E-03    0.22733E+04
    0.47588E-03    0.23175E+04
    0.48550E-03    0.23627E+04
    0.49530E-03    0.24087E+04
    0.50531E-03    0.24557E+04
    0.51552E-03    0.25036E+04
    0.52593E-03    0.25524E+04
    0.53656E-03    0.26022E+04
    0.54739E-03    0.26529E+04
    0.55845E-03    0.27047E+04
    0.56973E-03    0.27575E+04
    0.58124E-03    0.28114E+04
    0.59299E-03    0.28663E+04
    0.60496E-03    0.29223E+04
    0.61719E-03    0.29794E+04
    0.62965E-03    0.30377E+04
    0.64237E-03    0.30971E+04
    0.65535E-03    0.31577E+04
    0.66859E-03    0.32195E+04
    0.68210E-03    0.32826E+04
    0.69588E-03    0.33469E+04
    0.70993E-03    0.34125E+04
    0.72427E-03    0.34795E+04
    0.73891E-03    0.35478E+04
    0.75383E-03    0.36174E+04
    0.76906E-03    0.36885E+04
    0.78460E-03    0.37610E+04
    0.80045E-03    0.38349E+04
    0.81662E-03    0.39104E+04
    0.83311E-03    0.39874E+04
    0.84994E-03    0.40660E+04
    0.86711E-03    0.41461E+04
    0.88463E-03    0.42279E+04
    0.90250E-03    0.43114E+04
    0.92073E-03    0.43966E+04
    0.93933E-03    0.44835E+04
    0.95831E-03    0.45722E+04
    0.97767E-03    0.46627E+04
    0.99742E-03    0.47551E+04
    0.10176E-02    0.48494E+04
    0.10381E-02    0.49457E+04
    0.10591E-02    0.50439E+04
    0.10805E-02    0.51441E+04
    0.11023E-02    0.52465E+04
    0.11246E-02    0.53509E+04
    0.11473E-02    0.54575E+04
    0.11705E-02    0.55664E+04
    0.11941E-02    0.56775E+04
    0.12182E-02    0.57908E+04
    0.12429E-02    0.59066E+04
    0.12680E-02    0.60247E+04
    0.12936E-02    0.61454E+04
    0.13197E-02    0.62685E+04
    0.13464E-02    0.63942E+04
    0.13736E-02    0.65224E+04
    0.14013E-02    0.66534E+04
    0.14296E-02    0.67871E+04
    0.14585E-02    0.69235E+04
    0.14880E-02    0.70627E+04
    0.15180E-02    0.72049E+04
    0.15487E-02    0.73500E+04
    0.15800E-02    0.74980E+04
    0.16119E-02    0.76491E+04
    0.16445E-02    0.78033E+04
    0.16777E-02    0.79606E+04
    0.17116E-02    0.81212E+04
    0.17462E-02    0.82850E+04
    0.17814E-02    0.84521E+04
    0.18174E-02    0.86226E+04
    0.18541E-02    0.87965E+04
    0.18916E-02    0.89739E+04
    0.19298E-02    0.91548E+04
    0.19688E-02    0.93393E+04
    0.20086E-02    0.95274E+04
    0.20491E-02    0.97192E+04
    0.20905E-02    0.99148E+04
    0.21328E-02    0.10114E+05
    0.21758E-02    0.10317E+05
    0.22198E-02    0.10524E+05
    0.22646E-02    0.10735E+05
    0.23104E-02    0.10950E+05
    0.23571E-02    0.11169E+05
    0.24047E-02    0.11392E+05
    0.24533E-02    0.11620E+05
    0.25028E-02    0.11851E+05
    0.25534E-02    0.12086E+05
    0.26050E-02    0.12326E+05
    0.26576E-02    0.12570E+05
    0.27113E-02    0.12819E+05
    0.27660E-02    0.13071E+05
    0.28219E-02    0.13329E+05
    0.28789E-02    0.13590E+05
    0.29371E-02    0.13856E+05
    0.29964E-02    0.14127E+05
    0.30569E-02    0.14402E+05
    0.31187E-02    0.14681E+05
    0.31817E-02    0.14965E+05
    0.32460E-02    0.15254E+05
    0.33115E-02    0.15547E+05
    0.33784E-02    0.15845E+05
    0.34467E-02    0.16147E+05
    0.35163E-02    0.16454E+05
    0.35874E-02    0.16766E+05
    0.36598E-02    0.17082E+05
    0.37338E-02    0.17403E+05
    0.38092E-02    0.17729E+05
    0.38861E-02    0.18059E+05
    0.39646E-02    0.18393E+05
    0.40447E-02    0.18732E+05
    0.41264E-02    0.19076E+05
    0.42098E-02    0.19424E+05
    0.42948E-02    0.19777E+05
    0.43816E-02    0.20134E+05
    0.44701E-02    0.20495E+05
    0.45604E-02    0.20861E+05
    0.46525E-02    0.21231E+05
    0.47465E-02    0.21605E+05
    0.48424E-02    0.21983E+05
    0.49402E-02    0.22366E+05
    0.50400E-02    0.22752E+05
    0.51419E-02    0.23142E+05
    0.52457E-02    0.23536E+05
    0.53517E-02    0.23934E+05
    0.54598E-02    0.24336E+05
    0.55701E-02    0.24740E+05
    0.56826E-02    0.25149E+05
    0.57974E-02    0.25560E+05
    0.59145E-02    0.25974E+05
    0.60340E-02    0.26391E+05
    0.61559E-02    0.26810E+05
    0.62803E-02    0.27233E+05
    0.64072E-02    0.27657E+05
    0.65366E-02    0.28084E+05
    0.66686E-02    0.28512E+05
    0.68033E-02    0.28943E+05
    0.69408E-02    0.29375E+05
    0.70810E-02    0.29808E+05
    0.72240E-02    0.30242E+05
    0.73700E-02    0.30677E+05
    0.75189E-02    0.31113E+05
    0.76708E-02    0.31548E+05
    0.78257E-02    0.31984E+05
    0.79838E-02    0.32419E+05
    0.81451E-02    0.32854E+05
    0.83096E-02    0.33287E+05
    0.84775E-02    0.33720E+05
    0.86488E-02    0.34150E+05
    0.88235E-02    0.34579E+05
    0.90017E-02    0.35005E+05
    0.91836E-02    0.35428E+05
    0.93691E-02    0.35848E+05
    0.95583E-02    0.36264E+05
    0.97514E-02    0.36676E+05
    0.99484E-02    0.37084E+05
    0.10149E-01    0.37486E+05
    0.10354E-01    0.37884E+05
    0.10564E-01    0.38275E+05
    0.10777E-01    0.38659E+05
    0.10995E-01    0.39037E+05
    0.11217E-01    0.39406E+05
    0.11443E-01    0.39768E+05
    0.11675E-01    0.40120E+05
    0.11910E-01    0.40464E+05
    0.12151E-01    0.40797E+05
    0.12397E-01    0.41121E+05
    0.12647E-01    0.41434E+05
    0.12902E-01    0.41736E+05
    0.13163E-01    0.42025E+05
    0.13429E-01    0.42300E+05
    0.13700E-01    0.42561E+05
    0.13977E-01    0.42805E+05
    0.14259E-01    0.43033E+05
    0.14547E-01    0.43247E+05
    0.14841E-01    0.43448E+05
    0.15141E-01    0.43639E+05
    0.15447E-01    0.43819E+05
    0.15759E-01    0.43988E+05
    0.16077E-01    0.44142E+05
    0.16402E-01    0.44276E+05
    0.16734E-01    0.44387E+05
    0.17072E-01    0.44471E+05
    0.17416E-01    0.44528E+05
    0.17768E-01    0.44560E+05
    0.18127E-01    0.44568E+05
    0.18493E-01    0.44555E+05
    0.18867E-01    0.44523E+05
    0.19248E-01    0.44470E+05
    0.19637E-01    0.44393E+05
    0.20034E-01    0.44289E+05
    0.20438E-01    0.44157E+05
    0.20851E-01    0.43994E+05
    0.21272E-01    0.43801E+05
    0.21702E-01    0.43581E+05
    0.22141E-01    0.43336E+05
    0.22588E-01    0.43070E+05
    0.23044E-01    0.42785E+05
    0.23510E-01    0.42481E+05
    0.23985E-01    0.42158E+05
    0.24469E-01    0.41816E+05
    0.24964E-01    0.41456E+05
    0.25468E-01    0.41076E+05
    0.25982E-01    0.40678E+05
    0.26507E-01    0.40260E+05
    0.27043E-01    0.39823E+05
    0.27589E-01    0.39366E+05
    0.28146E-01    0.38890E+05
    0.28715E-01    0.38395E+05
    0.29295E-01    0.37884E+05
    0.29887E-01    0.37359E+05
    0.30490E-01    0.36821E+05
    0.31106E-01    0.36272E+05
    0.31735E-01    0.35715E+05
    0.32376E-01    0.35152E+05
    0.33030E-01    0.34586E+05
    0.33697E-01    0.34020E+05
    0.34378E-01    0.33455E+05
    0.35072E-01    0.32893E+05
    0.35781E-01    0.32337E+05
    0.36504E-01    0.31787E+05
    0.37241E-01    0.31246E+05
    0.37993E-01    0.30714E+05
    0.38761E-01    0.30193E+05
    0.39544E-01    0.29683E+05
    0.40343E-01    0.29187E+05
    0.41158E-01    0.28705E+05
    0.41989E-01    0.28239E+05
    0.42838E-01    0.27790E+05
    0.43703E-01    0.27361E+05
    0.44586E-01    0.26954E+05
    0.45486E-01    0.26572E+05
    0.46405E-01    0.26213E+05
    0.47343E-01    0.25876E+05
    0.48299E-01    0.25560E+05
    0.49275E-01    0.25261E+05
    0.50270E-01    0.24979E+05
    0.51286E-01    0.24711E+05
    0.52322E-01    0.24456E+05
    0.53379E-01    0.24212E+05
    0.54457E-01    0.23978E+05
    0.55557E-01    0.23751E+05
    0.56680E-01    0.23528E+05
    0.57825E-01    0.23308E+05
    0.58993E-01    0.23087E+05
    0.60184E-01    0.22862E+05
    0.61400E-01    0.22629E+05
    0.62641E-01    0.22383E+05
    0.63906E-01    0.22119E+05
    0.65197E-01    0.21831E+05
    0.66514E-01    0.21515E+05
    0.67858E-01    0.21171E+05
    0.69229E-01    0.20804E+05
    0.70627E-01    0.20417E+05
    0.72054E-01    0.20007E+05
    0.73510E-01    0.19564E+05
    0.74994E-01    0.19081E+05
    0.76509E-01    0.18564E+05
    0.78055E-01    0.18026E+05
    0.79632E-01    0.17474E+05
    0.81241E-01    0.16914E+05
    0.82882E-01    0.16350E+05
    0.84556E-01    0.15786E+05
    0.86264E-01    0.15231E+05
    0.88007E-01    0.14689E+05
    0.89785E-01    0.14167E+05
    0.91598E-01    0.13672E+05
    0.93449E-01    0.13208E+05
    0.95337E-01    0.12781E+05
    0.97263E-01    0.12395E+05
    0.99227E-01    0.12053E+05
    0.10123E+00    0.11754E+05
    0.10328E+00    0.11498E+05
    0.10536E+00    0.11280E+05
    0.10749E+00    0.11095E+05
    0.10966E+00    0.10936E+05
    0.11188E+00    0.10795E+05
    0.11414E+00    0.10662E+05
    0.11644E+00    0.10529E+05
    0.11880E+00    0.10387E+05
    0.12120E+00    0.10228E+05
    0.12365E+00    0.10045E+05
    0.12614E+00    0.98330E+04
    0.12869E+00    0.95895E+04
    0.13129E+00    0.93146E+04
    0.13394E+00    0.90106E+04
    0.13665E+00    0.86828E+04
    0.13941E+00    0.83384E+04
    0.14223E+00    0.79868E+04
    0.14510E+00    0.76385E+04
    0.14803E+00    0.73050E+04
    0.15102E+00    0.69964E+04
    0.15407E+00    0.67213E+04
    0.15718E+00    0.64843E+04
    0.16036E+00    0.62860E+04
    0.16360E+00    0.61230E+04
    0.16690E+00    0.59896E+04
    0.17028E+00    0.58780E+04
    0.17371E+00    0.57795E+04
    0.17722E+00    0.56841E+04
    0.18080E+00    0.55810E+04
    0.18446E+00    0.54605E+04
    0.18818E+00    0.53162E+04
    0.19198E+00    0.51467E+04
    0.19586E+00    0.49565E+04
    0.19982E+00    0.47532E+04
    0.20386E+00    0.45460E+04
    0.20797E+00    0.43442E+04
    0.21218E+00    0.41569E+04
    0.21646E+00    0.39914E+04
    0.22083E+00    0.38514E+04
    0.22530E+00    0.37360E+04
    0.22985E+00    0.36405E+04
    0.23449E+00    0.35571E+04
    0.23923E+00    0.34771E+04
    0.24406E+00    0.33916E+04
    0.24899E+00    0.32946E+04
    0.25402E+00    0.31840E+04
    0.25915E+00    0.30626E+04
    0.26439E+00    0.29360E+04
    0.26973E+00    0.28113E+04
    0.27518E+00    0.26952E+04
    0.28074E+00    0.25926E+04
    0.28641E+00    0.25047E+04
    0.29219E+00    0.24288E+04
    0.29810E+00    0.23600E+04
    0.30412E+00    0.22925E+04
    0.31026E+00    0.22214E+04
    0.31653E+00    0.21443E+04
    0.32292E+00    0.20626E+04
    0.32945E+00    0.19799E+04
    0.33610E+00    0.19006E+04
    0.34289E+00    0.18280E+04
    0.34982E+00    0.17631E+04
    0.35689E+00    0.17046E+04
    0.36409E+00    0.16494E+04
    0.37145E+00    0.15945E+04
    0.37895E+00    0.15378E+04
    0.38661E+00    0.14796E+04
    0.39442E+00    0.14221E+04
    0.40239E+00    0.13672E+04
    0.41052E+00    0.13163E+04
    0.41881E+00    0.12693E+04
    0.42727E+00    0.12247E+04
    0.43590E+00    0.11811E+04
    0.44471E+00    0.11375E+04
    0.45369E+00    0.10942E+04
    0.46286E+00    0.10522E+04
    0.47221E+00    0.10124E+04
    0.48174E+00    0.97482E+03
    0.49148E+00    0.93905E+03
    0.50141E+00    0.90425E+03
    0.51153E+00    0.87009E+03
    0.52187E+00    0.83682E+03
    0.53241E+00    0.80480E+03
    0.54317E+00    0.77430E+03
    0.55414E+00    0.74510E+03
    0.56533E+00    0.71693E+03
    0.57675E+00    0.68952E+03
    0.58840E+00    0.66299E+03
    0.60029E+00    0.63749E+03
    0.61242E+00    0.61302E+03
    0.62479E+00    0.58950E+03
    0.63741E+00    0.56684E+03
    0.65029E+00    0.54500E+03
    0.66342E+00    0.52395E+03
    0.67683E+00    0.50366E+03
    0.69050E+00    0.48412E+03
    0.70445E+00    0.46529E+03
    0.71868E+00    0.44716E+03
    0.73320E+00    0.42970E+03
    0.74801E+00    0.41288E+03
    0.76312E+00    0.39670E+03
    0.77854E+00    0.38112E+03
    0.79426E+00    0.36612E+03
    0.81031E+00    0.35169E+03
    0.82668E+00    0.33781E+03
    0.84338E+00    0.32445E+03
    0.86041E+00    0.31160E+03
    0.87780E+00    0.29924E+03
    0.89553E+00    0.28735E+03
    0.91362E+00    0.27592E+03
    0.93208E+00    0.26493E+03
    0.95091E+00    0.25437E+03
    0.97011E+00    0.24421E+03
    0.98971E+00    0.23444E+03
    0.10097E+01    0.22504E+03
    0.10301E+01    0.21601E+03
    0.10509E+01    0.20733E+03
    0.10721E+01    0.19899E+03
    0.10938E+01    0.19097E+03
    0.11159E+01    0.18326E+03
    0.11384E+01    0.17585E+03
    0.11614E+01    0.16872E+03
    0.11849E+01    0.16188E+03
    0.12088E+01    0.15530E+03
    0.12333E+01    0.14898E+03
    0.12582E+01    0.14290E+03
    0.12836E+01    0.13707E+03
    0.13095E+01    0.13146E+03
    0.13360E+01    0.12607E+03
    0.13630E+01    0.12089E+03
    0.13905E+01    0.11591E+03
    0.14186E+01    0.11112E+03
    0.14472E+01    0.10652E+03
    0.14765E+01    0.10210E+03
    0.15063E+01    0.97854E+02
    0.15367E+01    0.93772E+02
    0.15678E+01    0.89848E+02
    0.15994E+01    0.86078E+02
    0.16318E+01    0.82454E+02
    0.16647E+01    0.78972E+02
    0.16984E+01    0.75626E+02
    0.17327E+01    0.72411E+02
    0.17677E+01    0.69323E+02
    0.18034E+01    0.66357E+02
    0.18398E+01    0.63510E+02
    0.18770E+01    0.60778E+02
    0.19149E+01    0.58157E+02
    0.19536E+01    0.55644E+02
    0.19930E+01    0.53234E+02
    0.20333E+01    0.50924E+02
    0.20744E+01    0.48711E+02
    0.21163E+01    0.46591E+02
    0.21590E+01    0.44561E+02
    0.22026E+01    0.42618E+02
    0.22471E+01    0.40758E+02
    0.22925E+01    0.38977E+02
    0.23388E+01    0.37274E+02
    0.23861E+01    0.35645E+02
