#          k/h    CDM            baryon         photon         nu             mass_nu        total          no_nu          total_de       Weyl           v_CDM          v_b            v_b-v_c     
   0.104514E-04   0.199644E+08   0.199644E+08   0.266054E+08   0.266050E+08   0.199667E+08   0.199644E+08   0.199644E+08   0.199712E+08  -0.471899E+00   0.104740E+08   0.104740E+08   0.604274E+01
   0.115406E-04   0.199644E+08   0.199644E+08   0.266023E+08   0.266018E+08   0.199667E+08   0.199644E+08   0.199644E+08   0.199712E+08  -0.471899E+00   0.104740E+08   0.104740E+08   0.667229E+01
   0.127434E-04   0.199644E+08   0.199644E+08   0.265986E+08   0.265980E+08   0.199667E+08   0.199644E+08   0.199644E+08   0.199712E+08  -0.471898E+00   0.104740E+08   0.104740E+08   0.736738E+01
   0.140714E-04   0.199644E+08   0.199644E+08   0.265941E+08   0.265934E+08   0.199666E+08   0.199644E+08   0.199644E+08   0.199712E+08  -0.471898E+00   0.104740E+08   0.104740E+08   0.813482E+01
   0.155379E-04   0.199644E+08   0.199644E+08   0.265886E+08   0.265877E+08   0.199666E+08   0.199644E+08   0.199644E+08   0.199712E+08  -0.471898E+00   0.104740E+08   0.104740E+08   0.898210E+01
   0.171572E-04   0.199644E+08   0.199644E+08   0.265819E+08   0.265808E+08   0.199666E+08   0.199644E+08   0.199644E+08   0.199712E+08  -0.471897E+00   0.104740E+08   0.104740E+08   0.991752E+01
   0.189452E-04   0.199644E+08   0.199644E+08   0.265737E+08   0.265723E+08   0.199665E+08   0.199644E+08   0.199644E+08   0.199712E+08  -0.471897E+00   0.104739E+08   0.104739E+08   0.109502E+02
   0.209196E-04   0.199644E+08   0.199643E+08   0.265637E+08   0.265621E+08   0.199665E+08   0.199644E+08   0.199643E+08   0.199711E+08  -0.471896E+00   0.104739E+08   0.104739E+08   0.120902E+02
   0.230998E-04   0.199643E+08   0.199643E+08   0.265515E+08   0.265495E+08   0.199664E+08   0.199643E+08   0.199643E+08   0.199711E+08  -0.471896E+00   0.104739E+08   0.104739E+08   0.133486E+02
   0.255071E-04   0.199643E+08   0.199643E+08   0.265367E+08   0.265343E+08   0.199664E+08   0.199643E+08   0.199643E+08   0.199711E+08  -0.471895E+00   0.104739E+08   0.104739E+08   0.147375E+02
   0.281654E-04   0.199643E+08   0.199643E+08   0.265186E+08   0.265156E+08   0.199663E+08   0.199643E+08   0.199643E+08   0.199710E+08  -0.471894E+00   0.104739E+08   0.104739E+08   0.162705E+02
   0.311007E-04   0.199642E+08   0.199642E+08   0.264966E+08   0.264930E+08   0.199662E+08   0.199642E+08   0.199642E+08   0.199710E+08  -0.471893E+00   0.104739E+08   0.104739E+08   0.179623E+02
   0.343418E-04   0.199642E+08   0.199642E+08   0.264697E+08   0.264654E+08   0.199660E+08   0.199642E+08   0.199642E+08   0.199709E+08  -0.471891E+00   0.104738E+08   0.104738E+08   0.198289E+02
   0.379208E-04   0.199641E+08   0.199641E+08   0.264370E+08   0.264317E+08   0.199659E+08   0.199641E+08   0.199641E+08   0.199709E+08  -0.471889E+00   0.104738E+08   0.104738E+08   0.218883E+02
   0.418728E-04   0.199640E+08   0.199640E+08   0.263972E+08   0.263907E+08   0.199657E+08   0.199640E+08   0.199640E+08   0.199708E+08  -0.471887E+00   0.104738E+08   0.104738E+08   0.241599E+02
   0.462366E-04   0.199639E+08   0.199639E+08   0.263488E+08   0.263409E+08   0.199655E+08   0.199640E+08   0.199639E+08   0.199707E+08  -0.471884E+00   0.104737E+08   0.104737E+08   0.266649E+02
   0.510551E-04   0.199638E+08   0.199638E+08   0.262898E+08   0.262802E+08   0.199652E+08   0.199638E+08   0.199638E+08   0.199706E+08  -0.471881E+00   0.104737E+08   0.104737E+08   0.294265E+02
   0.563759E-04   0.199637E+08   0.199637E+08   0.262180E+08   0.262063E+08   0.199649E+08   0.199637E+08   0.199637E+08   0.199704E+08  -0.471877E+00   0.104736E+08   0.104736E+08   0.324700E+02
   0.622512E-04   0.199635E+08   0.199635E+08   0.261308E+08   0.261166E+08   0.199644E+08   0.199635E+08   0.199635E+08   0.199702E+08  -0.471872E+00   0.104735E+08   0.104735E+08   0.358226E+02
   0.687387E-04   0.199633E+08   0.199633E+08   0.260248E+08   0.260075E+08   0.199639E+08   0.199633E+08   0.199633E+08   0.199700E+08  -0.471866E+00   0.104734E+08   0.104734E+08   0.395139E+02
   0.759024E-04   0.199631E+08   0.199631E+08   0.258960E+08   0.258751E+08   0.199633E+08   0.199631E+08   0.199631E+08   0.199697E+08  -0.471859E+00   0.104733E+08   0.104733E+08   0.435753E+02
   0.838126E-04   0.199628E+08   0.199628E+08   0.257399E+08   0.257144E+08   0.199626E+08   0.199628E+08   0.199628E+08   0.199694E+08  -0.471850E+00   0.104731E+08   0.104731E+08   0.480407E+02
   0.925472E-04   0.199624E+08   0.199624E+08   0.255506E+08   0.255198E+08   0.199617E+08   0.199624E+08   0.199624E+08   0.199689E+08  -0.471840E+00   0.104729E+08   0.104729E+08   0.529454E+02
   0.102192E-03   0.199620E+08   0.199619E+08   0.253216E+08   0.252843E+08   0.199605E+08   0.199620E+08   0.199620E+08   0.199684E+08  -0.471827E+00   0.104727E+08   0.104727E+08   0.583263E+02
   0.112842E-03   0.199615E+08   0.199614E+08   0.250450E+08   0.249998E+08   0.199592E+08   0.199614E+08   0.199614E+08   0.199678E+08  -0.471811E+00   0.104724E+08   0.104724E+08   0.642213E+02
   0.124602E-03   0.199608E+08   0.199607E+08   0.247114E+08   0.246569E+08   0.199575E+08   0.199608E+08   0.199608E+08   0.199671E+08  -0.471791E+00   0.104720E+08   0.104720E+08   0.706683E+02
   0.137588E-03   0.199600E+08   0.199599E+08   0.243102E+08   0.242447E+08   0.199555E+08   0.199600E+08   0.199600E+08   0.199662E+08  -0.471768E+00   0.104716E+08   0.104716E+08   0.777039E+02
   0.151926E-03   0.199590E+08   0.199589E+08   0.238292E+08   0.237506E+08   0.199530E+08   0.199590E+08   0.199590E+08   0.199651E+08  -0.471739E+00   0.104711E+08   0.104711E+08   0.853616E+02
   0.167760E-03   0.199579E+08   0.199577E+08   0.232546E+08   0.231605E+08   0.199500E+08   0.199578E+08   0.199578E+08   0.199637E+08  -0.471705E+00   0.104705E+08   0.104704E+08   0.936698E+02
   0.185243E-03   0.199564E+08   0.199562E+08   0.225714E+08   0.224593E+08   0.199464E+08   0.199564E+08   0.199564E+08   0.199621E+08  -0.471663E+00   0.104697E+08   0.104696E+08   0.102648E+03
   0.204548E-03   0.199547E+08   0.199545E+08   0.217635E+08   0.216307E+08   0.199420E+08   0.199546E+08   0.199547E+08   0.199602E+08  -0.471612E+00   0.104688E+08   0.104687E+08   0.112304E+03
   0.225865E-03   0.199526E+08   0.199523E+08   0.208146E+08   0.206584E+08   0.199366E+08   0.199525E+08   0.199525E+08   0.199578E+08  -0.471551E+00   0.104676E+08   0.104675E+08   0.122626E+03
   0.249404E-03   0.199500E+08   0.199497E+08   0.197098E+08   0.195273E+08   0.199300E+08   0.199499E+08   0.199500E+08   0.199549E+08  -0.471477E+00   0.104663E+08   0.104662E+08   0.133579E+03
   0.275396E-03   0.199469E+08   0.199465E+08   0.184366E+08   0.182255E+08   0.199221E+08   0.199468E+08   0.199469E+08   0.199514E+08  -0.471388E+00   0.104646E+08   0.104645E+08   0.145095E+03
   0.304096E-03   0.199432E+08   0.199427E+08   0.169883E+08   0.167471E+08   0.199124E+08   0.199430E+08   0.199431E+08   0.199473E+08  -0.471281E+00   0.104626E+08   0.104624E+08   0.157064E+03
   0.335788E-03   0.199386E+08   0.199380E+08   0.153670E+08   0.150954E+08   0.199007E+08   0.199384E+08   0.199386E+08   0.199423E+08  -0.471153E+00   0.104601E+08   0.104600E+08   0.169326E+03
   0.370782E-03   0.199332E+08   0.199324E+08   0.135881E+08   0.132879E+08   0.198864E+08   0.199329E+08   0.199331E+08   0.199363E+08  -0.471000E+00   0.104572E+08   0.104570E+08   0.181658E+03
   0.409424E-03   0.199266E+08   0.199257E+08   0.116847E+08   0.113605E+08   0.198692E+08   0.199262E+08   0.199265E+08   0.199292E+08  -0.470818E+00   0.104537E+08   0.104534E+08   0.193770E+03
   0.452092E-03   0.199187E+08   0.199177E+08   0.971156E+07   0.937148E+07   0.198485E+08   0.199182E+08   0.199186E+08   0.199207E+08  -0.470603E+00   0.104494E+08   0.104492E+08   0.205300E+03
   0.499207E-03   0.199093E+08   0.199080E+08   0.774728E+07   0.740347E+07   0.198234E+08   0.199087E+08   0.199091E+08   0.199106E+08  -0.470349E+00   0.104444E+08   0.104440E+08   0.215819E+03
   0.551233E-03   0.198980E+08   0.198965E+08   0.589125E+07   0.555972E+07   0.197932E+08   0.198973E+08   0.198978E+08   0.198988E+08  -0.470052E+00   0.104383E+08   0.104379E+08   0.224847E+03
   0.608680E-03   0.198846E+08   0.198829E+08   0.425340E+07   0.395281E+07   0.197569E+08   0.198837E+08   0.198843E+08   0.198848E+08  -0.469704E+00   0.104311E+08   0.104307E+08   0.231886E+03
   0.672114E-03   0.198687E+08   0.198667E+08   0.293415E+07   0.268305E+07   0.197133E+08   0.198677E+08   0.198684E+08   0.198684E+08  -0.469299E+00   0.104226E+08   0.104221E+08   0.236466E+03
   0.742159E-03   0.198500E+08   0.198477E+08   0.199556E+07   0.180803E+07   0.196613E+08   0.198488E+08   0.198496E+08   0.198493E+08  -0.468829E+00   0.104125E+08   0.104120E+08   0.238206E+03
   0.819503E-03   0.198279E+08   0.198254E+08   0.143117E+07   0.131162E+07   0.195993E+08   0.198265E+08   0.198275E+08   0.198269E+08  -0.468286E+00   0.104008E+08   0.104002E+08   0.236873E+03
   0.904909E-03   0.198021E+08   0.197993E+08   0.115072E+07   0.109002E+07   0.195256E+08   0.198004E+08   0.198017E+08   0.198007E+08  -0.467657E+00   0.103870E+08   0.103863E+08   0.232424E+03
   0.999214E-03   0.197721E+08   0.197689E+08   0.100139E+07   0.977238E+06   0.194384E+08   0.197700E+08   0.197716E+08   0.197703E+08  -0.466930E+00   0.103709E+08   0.103702E+08   0.225003E+03
   0.110335E-02   0.197371E+08   0.197336E+08   0.835769E+06   0.819947E+06   0.193356E+08   0.197347E+08   0.197365E+08   0.197349E+08  -0.466088E+00   0.103523E+08   0.103516E+08   0.214894E+03
   0.121833E-02   0.196965E+08   0.196928E+08   0.600062E+06   0.571011E+06   0.192149E+08   0.196937E+08   0.196959E+08   0.196939E+08  -0.465115E+00   0.103307E+08   0.103300E+08   0.202459E+03
   0.134530E-02   0.196496E+08   0.196457E+08   0.366962E+06   0.320195E+06   0.190743E+08   0.196464E+08   0.196490E+08   0.196464E+08  -0.463991E+00   0.103059E+08   0.103051E+08   0.188107E+03
   0.148551E-02   0.195955E+08   0.195915E+08   0.244430E+06   0.190894E+06   0.189120E+08   0.195918E+08   0.195949E+08   0.195918E+08  -0.462697E+00   0.102772E+08   0.102765E+08   0.172354E+03
   0.164032E-02   0.195333E+08   0.195292E+08   0.222667E+06  -0.181374E+06   0.187259E+08   0.195290E+08   0.195327E+08   0.195291E+08  -0.461211E+00   0.102443E+08   0.102436E+08   0.155894E+03
   0.181127E-02   0.194621E+08   0.194580E+08   0.176437E+06  -0.148203E+06   0.185144E+08   0.194572E+08   0.194614E+08   0.194572E+08  -0.459512E+00   0.102067E+08   0.102059E+08   0.139567E+03
   0.200003E-02   0.193807E+08   0.193766E+08   0.805818E+05  -0.121035E+06   0.182760E+08   0.193751E+08   0.193801E+08   0.193751E+08  -0.457571E+00   0.101636E+08   0.101629E+08   0.124171E+03
   0.220846E-02   0.192880E+08   0.192839E+08   0.510141E+05  -0.987897E+05   0.180101E+08   0.192816E+08   0.192874E+08   0.192816E+08  -0.455362E+00   0.101146E+08   0.101139E+08   0.110309E+03
   0.243862E-02   0.191828E+08   0.191787E+08   0.612999E+05  -0.805803E+05   0.177162E+08   0.191755E+08   0.191821E+08   0.191755E+08  -0.452855E+00   0.100591E+08   0.100584E+08   0.983735E+02
   0.269276E-02   0.190638E+08   0.190596E+08   0.219873E+05  -0.656787E+05   0.173941E+08   0.190556E+08   0.190631E+08   0.190556E+08  -0.450022E+00   0.999626E+07   0.999554E+07   0.884262E+02
   0.297339E-02   0.189298E+08   0.189254E+08   0.201378E+05  -0.534892E+05   0.170439E+08   0.189205E+08   0.189291E+08   0.189205E+08  -0.446832E+00   0.992552E+07   0.992480E+07   0.800905E+02
   0.328327E-02   0.187793E+08   0.187747E+08   0.917567E+04  -0.435225E+05   0.166651E+08   0.187691E+08   0.187786E+08   0.187691E+08  -0.443254E+00   0.984618E+07   0.984546E+07   0.727773E+02
   0.362544E-02   0.186112E+08   0.186063E+08   0.251989E+04  -0.353777E+05   0.162567E+08   0.185998E+08   0.186105E+08   0.185998E+08  -0.439257E+00   0.975754E+07   0.975683E+07   0.659321E+02
   0.400326E-02   0.184241E+08   0.184189E+08  -0.583550E+04  -0.287256E+05   0.158178E+08   0.184115E+08   0.184233E+08   0.184115E+08  -0.434810E+00   0.965893E+07   0.965822E+07   0.593438E+02
   0.442047E-02   0.182167E+08   0.182112E+08   0.245352E+04  -0.232964E+05   0.153471E+08   0.182028E+08   0.182158E+08   0.182028E+08  -0.429881E+00   0.954964E+07   0.954894E+07   0.531951E+02
   0.488115E-02   0.179875E+08   0.179817E+08  -0.772455E+03  -0.188684E+05   0.148451E+08   0.179724E+08   0.179866E+08   0.179724E+08  -0.424439E+00   0.942896E+07   0.942826E+07   0.477729E+02
   0.538984E-02   0.177354E+08   0.177290E+08  -0.454083E+04  -0.152601E+05   0.143119E+08   0.177189E+08   0.177344E+08   0.177189E+08  -0.418451E+00   0.929620E+07   0.929550E+07   0.430796E+02
   0.595155E-02   0.174594E+08   0.174524E+08  -0.220194E+04  -0.123227E+05   0.137260E+08   0.174414E+08   0.174582E+08   0.174414E+08  -0.411897E+00   0.915085E+07   0.915016E+07   0.388426E+02
   0.657180E-02   0.171571E+08   0.171494E+08  -0.324921E+04  -0.993327E+04   0.131177E+08   0.171376E+08   0.171559E+08   0.171376E+08  -0.404723E+00   0.899175E+07   0.899106E+07   0.349070E+02
   0.725668E-02   0.168276E+08   0.168191E+08  -0.231396E+04  -0.799189E+04   0.124754E+08   0.168066E+08   0.168263E+08   0.168066E+08  -0.396906E+00   0.881838E+07   0.881770E+07   0.313895E+02
   0.801294E-02   0.164697E+08   0.164601E+08  -0.279359E+04  -0.641646E+04   0.118071E+08   0.164471E+08   0.164682E+08   0.164471E+08  -0.388416E+00   0.863006E+07   0.862938E+07   0.282971E+02
   0.884802E-02   0.160819E+08   0.160710E+08  -0.226203E+04  -0.513968E+04   0.111217E+08   0.160577E+08   0.160802E+08   0.160577E+08  -0.379220E+00   0.842607E+07   0.842540E+07   0.254941E+02
   0.977012E-02   0.156629E+08   0.156506E+08  -0.165543E+04  -0.410648E+04   0.104194E+08   0.156372E+08   0.156610E+08   0.156372E+08  -0.369290E+00   0.820577E+07   0.820510E+07   0.229895E+02
   0.107883E-01   0.152116E+08   0.151976E+08  -0.159240E+04  -0.327173E+04   0.970010E+07   0.151844E+08   0.152094E+08   0.151844E+08  -0.358596E+00   0.796851E+07   0.796784E+07   0.207675E+02
   0.119126E-01   0.147266E+08   0.147106E+08  -0.159616E+04  -0.259847E+04   0.897012E+07   0.146981E+08   0.147241E+08   0.146981E+08  -0.347110E+00   0.771362E+07   0.771295E+07   0.187794E+02
   0.131541E-01   0.142068E+08   0.141886E+08  -0.108044E+04  -0.205650E+04   0.823710E+07   0.141769E+08   0.142039E+08   0.141769E+08  -0.334803E+00   0.744050E+07   0.743983E+07   0.170151E+02
   0.145250E-01   0.136513E+08   0.136304E+08  -0.110562E+04  -0.162117E+04   0.750742E+07   0.136202E+08   0.136480E+08   0.136202E+08  -0.321656E+00   0.714869E+07   0.714802E+07   0.154413E+02
   0.160387E-01   0.130595E+08   0.130357E+08  -0.803598E+03  -0.127236E+04   0.678367E+07   0.130274E+08   0.130558E+08   0.130274E+08  -0.307656E+00   0.683790E+07   0.683723E+07   0.140362E+02
   0.177102E-01   0.124451E+08   0.124179E+08  -0.634857E+03  -0.994738E+03   0.608235E+07   0.124120E+08   0.124408E+08   0.124120E+08  -0.293122E+00   0.651525E+07   0.651458E+07   0.127848E+02
   0.195559E-01   0.117849E+08   0.117542E+08  -0.577304E+03  -0.772802E+03   0.539633E+07   0.117512E+08   0.117801E+08   0.117512E+08  -0.277516E+00   0.616872E+07   0.616804E+07   0.116429E+02
   0.215939E-01   0.110927E+08   0.110583E+08  -0.313966E+03  -0.596775E+03   0.473879E+07   0.110586E+08   0.110873E+08   0.110586E+08  -0.261159E+00   0.580547E+07   0.580478E+07   0.105941E+02
   0.238444E-01   0.103632E+08   0.103251E+08  -0.348401E+03  -0.457401E+03   0.411231E+07   0.103290E+08   0.103572E+08   0.103290E+08  -0.243929E+00   0.542277E+07   0.542209E+07   0.960857E+01
   0.263293E-01   0.962156E+07   0.957994E+07  -0.250256E+03  -0.348394E+03   0.353125E+07   0.958746E+07   0.961498E+07   0.958746E+07  -0.226418E+00   0.503377E+07   0.503309E+07   0.867028E+01
   0.290733E-01   0.887625E+07   0.883170E+07  -0.186471E+03  -0.263680E+03   0.299981E+07   0.884266E+07   0.886921E+07   0.884266E+07  -0.208828E+00   0.464299E+07   0.464232E+07   0.775466E+01
   0.321032E-01   0.813076E+07   0.808425E+07  -0.148730E+03  -0.198151E+03   0.251922E+07   0.809806E+07   0.812341E+07   0.809806E+07  -0.191244E+00   0.425227E+07   0.425161E+07   0.683972E+01
   0.354488E-01   0.740473E+07   0.735765E+07  -0.942538E+02  -0.148045E+03   0.209411E+07   0.737330E+07   0.739729E+07   0.737330E+07  -0.174128E+00   0.387192E+07   0.387129E+07   0.591551E+01
   0.391431E-01   0.672354E+07   0.667770E+07  -0.850274E+02  -0.110283E+03   0.172805E+07   0.669373E+07   0.671630E+07   0.669373E+07  -0.158079E+00   0.351525E+07   0.351466E+07   0.498469E+01
   0.432225E-01   0.610358E+07   0.606106E+07  -0.821568E+02  -0.821356E+02   0.141946E+07   0.607570E+07   0.609686E+07   0.607570E+07  -0.143484E+00   0.319085E+07   0.319032E+07   0.406151E+01
   0.475447E-01   0.557623E+07   0.553880E+07   0.847931E+02  -0.620382E+02   0.117326E+07   0.555043E+07   0.557032E+07   0.555043E+07  -0.131079E+00   0.291511E+07   0.291466E+07   0.321050E+01
   0.518670E-01   0.516158E+07   0.513005E+07   0.659408E+02  -0.482707E+02   0.987806E+06   0.513774E+07   0.515660E+07   0.513774E+07  -0.121333E+00   0.269847E+07   0.269808E+07   0.250130E+01
   0.561892E-01   0.482477E+07   0.479910E+07   0.525150E+02  -0.384599E+02   0.843861E+06   0.480272E+07   0.482071E+07   0.480272E+07  -0.113421E+00   0.252260E+07   0.252227E+07   0.193727E+01
   0.605115E-01   0.453917E+07   0.451862E+07   0.425977E+02  -0.312092E+02   0.728691E+06   0.451870E+07   0.453592E+07   0.451870E+07  -0.106714E+00   0.237348E+07   0.237321E+07   0.151411E+01
   0.648337E-01   0.428487E+07   0.426822E+07   0.350260E+02  -0.256710E+02   0.633819E+06   0.426574E+07   0.428224E+07   0.426574E+07  -0.100740E+00   0.224068E+07   0.224044E+07   0.121842E+01
   0.691560E-01   0.404535E+07   0.403114E+07   0.290607E+02  -0.213061E+02   0.553300E+06   0.402732E+07   0.404311E+07   0.402732E+07  -0.951092E-01   0.211549E+07   0.211528E+07   0.102882E+01
   0.734782E-01   0.380896E+07   0.379580E+07   0.242345E+02  -0.177733E+02   0.483259E+06   0.379185E+07   0.380688E+07   0.379185E+07  -0.895482E-01   0.199184E+07   0.199164E+07   0.919315E+00
   0.778005E-01   0.357695E+07   0.356369E+07   0.202959E+02  -0.148894E+02   0.422221E+06   0.356059E+07   0.357485E+07   0.356059E+07  -0.840870E-01   0.187041E+07   0.187021E+07   0.864085E+00
   0.821227E-01   0.334364E+07   0.332953E+07   0.170236E+02  -0.124925E+02   0.368191E+06   0.332796E+07   0.334141E+07   0.332796E+07  -0.785932E-01   0.174824E+07   0.174803E+07   0.837034E+00
   0.864450E-01   0.311959E+07   0.310433E+07   0.143307E+02  -0.105193E+02   0.321273E+06   0.310454E+07   0.311718E+07   0.310454E+07  -0.733167E-01   0.163090E+07   0.163069E+07   0.818959E+00
   0.907672E-01   0.291114E+07   0.289484E+07   0.121268E+02  -0.890390E+01   0.281051E+06   0.289668E+07   0.290857E+07   0.289668E+07  -0.684080E-01   0.152173E+07   0.152152E+07   0.795576E+00
   0.961457E-01   0.268083E+07   0.266388E+07   0.995037E+01  -0.730794E+01   0.239561E+06   0.266712E+07   0.267815E+07   0.266712E+07  -0.629868E-01   0.140116E+07   0.140095E+07   0.747407E+00
   0.101524E+00   0.248854E+07   0.247192E+07   0.828250E+01  -0.608438E+01   0.206490E+06   0.247561E+07   0.248592E+07   0.247561E+07  -0.584639E-01   0.130057E+07   0.130036E+07   0.675618E+00
   0.106903E+00   0.233572E+07   0.232038E+07   0.701084E+01  -0.515110E+01   0.180492E+06   0.232356E+07   0.233329E+07   0.232356E+07  -0.548731E-01   0.122070E+07   0.122052E+07   0.587016E+00
   0.112281E+00   0.221666E+07   0.220328E+07   0.603148E+01  -0.443211E+01   0.159955E+06   0.220525E+07   0.221454E+07   0.220525E+07  -0.520792E-01   0.115856E+07   0.115840E+07   0.493420E+00
   0.117660E+00   0.212050E+07   0.210929E+07   0.525479E+01  -0.386176E+01   0.143244E+06   0.210979E+07   0.211873E+07   0.210979E+07  -0.498248E-01   0.110842E+07   0.110828E+07   0.407027E+00
   0.123038E+00   0.203522E+07   0.202597E+07   0.461254E+01  -0.339007E+01   0.128996E+06   0.202514E+07   0.203376E+07   0.202514E+07  -0.478258E-01   0.106396E+07   0.106383E+07   0.337003E+00
   0.128416E+00   0.195136E+07   0.194351E+07   0.405995E+01  -0.298422E+01   0.116288E+06   0.194182E+07   0.195012E+07   0.194182E+07  -0.458581E-01   0.102019E+07   0.102008E+07   0.287719E+00
   0.133795E+00   0.186354E+07   0.185641E+07   0.357171E+01  -0.262563E+01   0.104618E+06   0.185446E+07   0.186241E+07   0.185446E+07  -0.437950E-01   0.974304E+06   0.974200E+06   0.258574E+00
   0.139173E+00   0.177064E+07   0.176358E+07   0.313614E+01  -0.230572E+01   0.938084E+05   0.176195E+07   0.176953E+07   0.176195E+07  -0.416101E-01   0.925704E+06   0.925602E+06   0.245084E+00
   0.144552E+00   0.167481E+07   0.166739E+07   0.274938E+01  -0.202164E+01   0.838792E+05   0.166645E+07   0.167364E+07   0.166645E+07  -0.393548E-01   0.875537E+06   0.875432E+06   0.240722E+00
   0.149930E+00   0.158004E+07   0.157210E+07   0.241065E+01  -0.177281E+01   0.749256E+05   0.157198E+07   0.157879E+07   0.157198E+07  -0.371240E-01   0.825914E+06   0.825807E+06   0.238864E+00
   0.155309E+00   0.149109E+07   0.148271E+07   0.211976E+01  -0.155908E+01   0.670507E+05   0.148333E+07   0.148976E+07   0.148333E+07  -0.350303E-01   0.779341E+06   0.779232E+06   0.234383E+00
   0.160687E+00   0.141238E+07   0.140385E+07   0.187547E+01  -0.137955E+01   0.603152E+05   0.140492E+07   0.141103E+07   0.140492E+07  -0.331786E-01   0.738149E+06   0.738041E+06   0.224519E+00
   0.166066E+00   0.134642E+07   0.133811E+07   0.167385E+01  -0.123134E+01   0.546821E+05   0.133927E+07   0.134510E+07   0.133927E+07  -0.316282E-01   0.703660E+06   0.703556E+06   0.208937E+00
   0.171444E+00   0.129271E+07   0.128495E+07   0.150783E+01  -0.110927E+01   0.499959E+05   0.128587E+07   0.129148E+07   0.128587E+07  -0.303670E-01   0.675604E+06   0.675507E+06   0.189184E+00
   0.176823E+00   0.124840E+07   0.124140E+07   0.136898E+01  -0.100715E+01   0.460364E+05   0.124186E+07   0.124729E+07   0.124186E+07  -0.293277E-01   0.652484E+06   0.652395E+06   0.167853E+00
   0.182201E+00   0.120993E+07   0.120374E+07   0.124971E+01  -0.919423E+00   0.425924E+05   0.120367E+07   0.120895E+07   0.120367E+07  -0.284259E-01   0.632423E+06   0.632342E+06   0.147705E+00
   0.187580E+00   0.117395E+07   0.116847E+07   0.114408E+01  -0.841735E+00   0.394933E+05   0.116796E+07   0.117308E+07   0.116796E+07  -0.275825E-01   0.613659E+06   0.613585E+06   0.130910E+00
   0.192958E+00   0.113759E+07   0.113261E+07   0.104774E+01  -0.770876E+00   0.366103E+05   0.113182E+07   0.113680E+07   0.113182E+07  -0.267292E-01   0.594676E+06   0.594608E+06   0.118580E+00
   0.198336E+00   0.109895E+07   0.109424E+07   0.957996E+00  -0.704879E+00   0.338658E+05   0.109339E+07   0.109821E+07   0.109339E+07  -0.258215E-01   0.574485E+06   0.574419E+06   0.110685E+00
   0.203715E+00   0.105781E+07   0.105315E+07   0.874042E+00  -0.643143E+00   0.312432E+05   0.105243E+07   0.105707E+07   0.105243E+07  -0.248543E-01   0.552967E+06   0.552902E+06   0.106298E+00
   0.209093E+00   0.101541E+07   0.101065E+07   0.796340E+00  -0.586006E+00   0.287700E+05   0.101020E+07   0.101466E+07   0.101020E+07  -0.238569E-01   0.530780E+06   0.530715E+06   0.103993E+00
   0.214472E+00   0.973627E+06   0.968710E+06   0.725685E+00  -0.534047E+00   0.264856E+05   0.968570E+06   0.972850E+06   0.968570E+06  -0.228737E-01   0.508908E+06   0.508842E+06   0.102272E+00
   0.219850E+00   0.934215E+06   0.929184E+06   0.662600E+00  -0.487651E+00   0.244201E+05   0.929308E+06   0.933420E+06   0.929308E+06  -0.219465E-01   0.488280E+06   0.488215E+06   0.999231E-01
   0.225229E+00   0.898537E+06   0.893495E+06   0.607184E+00  -0.446889E+00   0.225879E+05   0.893782E+06   0.897741E+06   0.893782E+06  -0.211076E-01   0.469616E+06   0.469551E+06   0.962588E-01
   0.230607E+00   0.867315E+06   0.862390E+06   0.559050E+00  -0.411477E+00   0.209845E+05   0.862712E+06   0.866537E+06   0.862712E+06  -0.203738E-01   0.453292E+06   0.453229E+06   0.911632E-01
   0.235986E+00   0.840445E+06   0.835751E+06   0.517320E+00  -0.380771E+00   0.195858E+05   0.835994E+06   0.839703E+06   0.835994E+06  -0.197428E-01   0.439254E+06   0.439194E+06   0.849942E-01
   0.241364E+00   0.817106E+06   0.812718E+06   0.480803E+00  -0.353898E+00   0.183543E+05   0.812803E+06   0.816413E+06   0.812803E+06  -0.191952E-01   0.427070E+06   0.427013E+06   0.783891E-01
   0.246743E+00   0.796085E+06   0.792022E+06   0.448253E+00  -0.329942E+00   0.172481E+05   0.791923E+06   0.795443E+06   0.791923E+06  -0.187021E-01   0.416099E+06   0.416046E+06   0.720447E-01
   0.252121E+00   0.776087E+06   0.772316E+06   0.418562E+00  -0.308091E+00   0.162293E+05   0.772057E+06   0.775491E+06   0.772057E+06  -0.182329E-01   0.405662E+06   0.405611E+06   0.665261E-01
   0.257500E+00   0.756008E+06   0.752458E+06   0.390886E+00  -0.287724E+00   0.152683E+05   0.752100E+06   0.755447E+06   0.752100E+06  -0.177616E-01   0.395176E+06   0.395128E+06   0.621479E-01
   0.262878E+00   0.735225E+06   0.731810E+06   0.364743E+00  -0.268487E+00   0.143487E+05   0.731427E+06   0.734685E+06   0.731427E+06  -0.172734E-01   0.384314E+06   0.384268E+06   0.589445E-01
   0.268257E+00   0.713718E+06   0.710361E+06   0.340010E+00  -0.250288E+00   0.134678E+05   0.710022E+06   0.713187E+06   0.710022E+06  -0.167679E-01   0.373068E+06   0.373023E+06   0.567140E-01
   0.273635E+00   0.691916E+06   0.688562E+06   0.316780E+00  -0.233196E+00   0.126310E+05   0.688316E+06   0.691386E+06   0.688316E+06  -0.162553E-01   0.361664E+06   0.361619E+06   0.551074E-01
   0.279013E+00   0.670413E+06   0.667041E+06   0.295202E+00  -0.217318E+00   0.118461E+05   0.666904E+06   0.669880E+06   0.666904E+06  -0.157496E-01   0.350414E+06   0.350369E+06   0.537358E-01
   0.284392E+00   0.649803E+06   0.646422E+06   0.275394E+00  -0.202743E+00   0.111197E+05   0.646382E+06   0.649268E+06   0.646382E+06  -0.152650E-01   0.339632E+06   0.339587E+06   0.522697E-01
   0.289770E+00   0.630604E+06   0.627247E+06   0.257420E+00  -0.189516E+00   0.104562E+05   0.627271E+06   0.630074E+06   0.627271E+06  -0.148136E-01   0.329591E+06   0.329547E+06   0.505070E-01
   0.295149E+00   0.613144E+06   0.609853E+06   0.241250E+00  -0.177614E+00   0.985602E+04   0.609897E+06   0.612624E+06   0.609897E+06  -0.144033E-01   0.320462E+06   0.320420E+06   0.483940E-01
   0.300527E+00   0.597423E+06   0.594239E+06   0.226726E+00  -0.166924E+00   0.931445E+04   0.594262E+06   0.596920E+06   0.594262E+06  -0.140341E-01   0.312247E+06   0.312206E+06   0.460038E-01
   0.305906E+00   0.583144E+06   0.580093E+06   0.213596E+00  -0.157258E+00   0.882250E+04   0.580066E+06   0.582662E+06   0.580066E+06  -0.136989E-01   0.304789E+06   0.304749E+06   0.434916E-01
   0.311284E+00   0.569861E+06   0.566952E+06   0.201583E+00  -0.148415E+00   0.836993E+04   0.566863E+06   0.569401E+06   0.566863E+06  -0.133870E-01   0.297852E+06   0.297813E+06   0.410401E-01
   0.316663E+00   0.557138E+06   0.554362E+06   0.190448E+00  -0.140218E+00   0.794770E+04   0.554217E+06   0.556699E+06   0.554217E+06  -0.130884E-01   0.291207E+06   0.291170E+06   0.388088E-01
   0.322041E+00   0.544622E+06   0.541956E+06   0.180005E+00  -0.132530E+00   0.754886E+04   0.541774E+06   0.544201E+06   0.541774E+06  -0.127945E-01   0.284669E+06   0.284633E+06   0.368980E-01
   0.327420E+00   0.532073E+06   0.529488E+06   0.170127E+00  -0.125259E+00   0.716867E+04   0.529292E+06   0.531665E+06   0.529292E+06  -0.124998E-01   0.278111E+06   0.278076E+06   0.353323E-01
   0.332798E+00   0.519402E+06   0.516869E+06   0.160749E+00  -0.118357E+00   0.680489E+04   0.516685E+06   0.519002E+06   0.516685E+06  -0.122020E-01   0.271487E+06   0.271453E+06   0.340688E-01
   0.338177E+00   0.506696E+06   0.504193E+06   0.151866E+00  -0.111818E+00   0.645772E+04   0.504040E+06   0.506301E+06   0.504040E+06  -0.119034E-01   0.264843E+06   0.264809E+06   0.330196E-01
   0.343555E+00   0.494172E+06   0.491689E+06   0.143507E+00  -0.105665E+00   0.612894E+04   0.491574E+06   0.493779E+06   0.491574E+06  -0.116090E-01   0.258293E+06   0.258260E+06   0.320808E-01
   0.348933E+00   0.482073E+06   0.479611E+06   0.135708E+00  -0.999247E-01   0.582043E+04   0.479531E+06   0.481684E+06   0.479531E+06  -0.113246E-01   0.251966E+06   0.251933E+06   0.311582E-01
   0.354312E+00   0.470579E+06   0.468147E+06   0.128479E+00  -0.946031E-01   0.553306E+04   0.468093E+06   0.470194E+06   0.468093E+06  -0.110545E-01   0.245956E+06   0.245924E+06   0.301868E-01
   0.359690E+00   0.459777E+06   0.457387E+06   0.121802E+00  -0.896880E-01   0.526651E+04   0.457345E+06   0.459399E+06   0.457345E+06  -0.108007E-01   0.240308E+06   0.240277E+06   0.291396E-01
   0.365069E+00   0.449673E+06   0.447340E+06   0.115641E+00  -0.851520E-01   0.501954E+04   0.447294E+06   0.449304E+06   0.447294E+06  -0.105633E-01   0.235028E+06   0.234997E+06   0.280265E-01
   0.370447E+00   0.440208E+06   0.437940E+06   0.109944E+00  -0.809575E-01   0.479029E+04   0.437881E+06   0.439849E+06   0.437881E+06  -0.103410E-01   0.230082E+06   0.230052E+06   0.268848E-01
   0.375826E+00   0.431260E+06   0.429062E+06   0.104649E+00  -0.770590E-01   0.457634E+04   0.428984E+06   0.430912E+06   0.428984E+06  -0.101309E-01   0.225407E+06   0.225378E+06   0.257630E-01
   0.381204E+00   0.422669E+06   0.420540E+06   0.996913E-01  -0.734088E-01   0.437514E+04   0.420442E+06   0.422332E+06   0.420442E+06  -0.992916E-02   0.220919E+06   0.220890E+06   0.247067E-01
   0.386583E+00   0.414284E+06   0.412215E+06   0.950139E-01  -0.699650E-01   0.418438E+04   0.412103E+06   0.413957E+06   0.412103E+06  -0.973223E-02   0.216537E+06   0.216510E+06   0.237472E-01
   0.391961E+00   0.406004E+06   0.403986E+06   0.905771E-01  -0.666985E-01   0.400253E+04   0.403868E+06   0.405685E+06   0.403868E+06  -0.953776E-02   0.212210E+06   0.212183E+06   0.228971E-01
   0.397340E+00   0.397795E+06   0.395817E+06   0.863590E-01  -0.635929E-01   0.382875E+04   0.395702E+06   0.397482E+06   0.395702E+06  -0.934489E-02   0.207919E+06   0.207893E+06   0.221497E-01
   0.402718E+00   0.389676E+06   0.387730E+06   0.823511E-01  -0.606422E-01   0.366282E+04   0.387624E+06   0.389368E+06   0.387624E+06  -0.915412E-02   0.203675E+06   0.203649E+06   0.214842E-01
   0.408097E+00   0.381696E+06   0.379777E+06   0.785517E-01  -0.578450E-01   0.350479E+04   0.379684E+06   0.381393E+06   0.379684E+06  -0.896661E-02   0.199503E+06   0.199478E+06   0.208718E-01
   0.413475E+00   0.373923E+06   0.372029E+06   0.749622E-01  -0.552022E-01   0.335487E+04   0.371948E+06   0.373623E+06   0.371948E+06  -0.878394E-02   0.195439E+06   0.195414E+06   0.202845E-01
   0.418854E+00   0.366418E+06   0.364551E+06   0.715826E-01  -0.527140E-01   0.321319E+04   0.364482E+06   0.366123E+06   0.364482E+06  -0.860760E-02   0.191516E+06   0.191491E+06   0.197008E-01
   0.424232E+00   0.359228E+06   0.357391E+06   0.684093E-01  -0.503776E-01   0.307968E+04   0.357328E+06   0.358938E+06   0.357328E+06  -0.843867E-02   0.187757E+06   0.187733E+06   0.191093E-01
   0.429610E+00   0.352367E+06   0.350564E+06   0.654328E-01  -0.481860E-01   0.295404E+04   0.350503E+06   0.352082E+06   0.350503E+06  -0.827747E-02   0.184170E+06   0.184147E+06   0.185090E-01
   0.434989E+00   0.345815E+06   0.344050E+06   0.626379E-01  -0.461280E-01   0.283570E+04   0.343986E+06   0.345536E+06   0.343986E+06  -0.812357E-02   0.180746E+06   0.180723E+06   0.179070E-01
   0.440367E+00   0.339528E+06   0.337803E+06   0.600062E-01  -0.441902E-01   0.272390E+04   0.337733E+06   0.339255E+06   0.337733E+06  -0.797591E-02   0.177461E+06   0.177438E+06   0.173154E-01
   0.445746E+00   0.333454E+06   0.331768E+06   0.575192E-01  -0.423589E-01   0.261790E+04   0.331692E+06   0.333188E+06   0.331692E+06  -0.783325E-02   0.174287E+06   0.174265E+06   0.167469E-01
   0.451124E+00   0.327548E+06   0.325899E+06   0.551613E-01  -0.406227E-01   0.251705E+04   0.325818E+06   0.327288E+06   0.325818E+06  -0.769453E-02   0.171201E+06   0.171179E+06   0.162117E-01
   0.456503E+00   0.321773E+06   0.320157E+06   0.529194E-01  -0.389718E-01   0.242083E+04   0.320074E+06   0.321518E+06   0.320074E+06  -0.755888E-02   0.168182E+06   0.168161E+06   0.157150E-01
   0.461881E+00   0.316100E+06   0.314514E+06   0.507826E-01  -0.373985E-01   0.232880E+04   0.314432E+06   0.315850E+06   0.314432E+06  -0.742561E-02   0.165217E+06   0.165196E+06   0.152566E-01
   0.467260E+00   0.310518E+06   0.308958E+06   0.487439E-01  -0.358973E-01   0.224068E+04   0.308879E+06   0.310272E+06   0.308879E+06  -0.729448E-02   0.162300E+06   0.162279E+06   0.148315E-01
   0.472638E+00   0.305040E+06   0.303504E+06   0.468001E-01  -0.344660E-01   0.215639E+04   0.303428E+06   0.304797E+06   0.303428E+06  -0.716577E-02   0.159436E+06   0.159416E+06   0.144322E-01
   0.478017E+00   0.299691E+06   0.298177E+06   0.449503E-01  -0.331039E-01   0.207591E+04   0.298107E+06   0.299452E+06   0.298107E+06  -0.704009E-02   0.156640E+06   0.156620E+06   0.140507E-01
   0.483395E+00   0.294493E+06   0.293001E+06   0.431929E-01  -0.318099E-01   0.199924E+04   0.292935E+06   0.294257E+06   0.292935E+06  -0.691795E-02   0.153922E+06   0.153903E+06   0.136800E-01
   0.488774E+00   0.289454E+06   0.287985E+06   0.415244E-01  -0.305813E-01   0.192623E+04   0.287922E+06   0.289221E+06   0.287922E+06  -0.679957E-02   0.151288E+06   0.151269E+06   0.133150E-01
   0.494152E+00   0.284577E+06   0.283131E+06   0.399408E-01  -0.294152E-01   0.185676E+04   0.283070E+06   0.284348E+06   0.283070E+06  -0.668499E-02   0.148739E+06   0.148720E+06   0.129540E-01
   0.499530E+00   0.279861E+06   0.278441E+06   0.384377E-01  -0.283083E-01   0.179064E+04   0.278380E+06   0.279637E+06   0.278380E+06  -0.657423E-02   0.146275E+06   0.146256E+06   0.125979E-01
   0.504909E+00   0.275300E+06   0.273905E+06   0.370099E-01  -0.272569E-01   0.172767E+04   0.273843E+06   0.275080E+06   0.273843E+06  -0.646708E-02   0.143891E+06   0.143872E+06   0.122493E-01
   0.510287E+00   0.270876E+06   0.269505E+06   0.356515E-01  -0.262565E-01   0.166761E+04   0.269442E+06   0.270659E+06   0.269442E+06  -0.636315E-02   0.141578E+06   0.141560E+06   0.119114E-01
   0.515666E+00   0.266566E+06   0.265219E+06   0.343562E-01  -0.253027E-01   0.161019E+04   0.265155E+06   0.266353E+06   0.265155E+06  -0.626191E-02   0.139326E+06   0.139308E+06   0.115871E-01
   0.521044E+00   0.262353E+06   0.261030E+06   0.331188E-01  -0.243914E-01   0.155520E+04   0.260966E+06   0.262144E+06   0.260966E+06  -0.616297E-02   0.137124E+06   0.137107E+06   0.112782E-01
   0.526423E+00   0.258229E+06   0.256928E+06   0.319355E-01  -0.235200E-01   0.150247E+04   0.256863E+06   0.258024E+06   0.256863E+06  -0.606609E-02   0.134969E+06   0.134952E+06   0.109853E-01
   0.531801E+00   0.254189E+06   0.252908E+06   0.308031E-01  -0.226861E-01   0.145187E+04   0.252845E+06   0.253987E+06   0.252845E+06  -0.597118E-02   0.132857E+06   0.132840E+06   0.107075E-01
   0.537180E+00   0.250232E+06   0.248970E+06   0.297193E-01  -0.218880E-01   0.140333E+04   0.248908E+06   0.250032E+06   0.248908E+06  -0.587820E-02   0.130789E+06   0.130772E+06   0.104427E-01
   0.542558E+00   0.246358E+06   0.245114E+06   0.286819E-01  -0.211241E-01   0.135675E+04   0.245054E+06   0.246161E+06   0.245054E+06  -0.578720E-02   0.128764E+06   0.128747E+06   0.101885E-01
   0.547937E+00   0.242573E+06   0.241347E+06   0.276894E-01  -0.203932E-01   0.131209E+04   0.241289E+06   0.242379E+06   0.241289E+06  -0.569828E-02   0.126785E+06   0.126769E+06   0.994270E-02
   0.553315E+00   0.238883E+06   0.237674E+06   0.267406E-01  -0.196945E-01   0.126930E+04   0.237618E+06   0.238692E+06   0.237618E+06  -0.561159E-02   0.124857E+06   0.124840E+06   0.970345E-02
   0.558694E+00   0.235291E+06   0.234100E+06   0.258338E-01  -0.190267E-01   0.122830E+04   0.234045E+06   0.235103E+06   0.234045E+06  -0.552720E-02   0.122979E+06   0.122963E+06   0.946974E-02
   0.564072E+00   0.231794E+06   0.230621E+06   0.249668E-01  -0.183882E-01   0.118903E+04   0.230566E+06   0.231609E+06   0.230566E+06  -0.544506E-02   0.121151E+06   0.121136E+06   0.924122E-02
   0.569450E+00   0.228387E+06   0.227231E+06   0.241373E-01  -0.177773E-01   0.115137E+04   0.227177E+06   0.228204E+06   0.227177E+06  -0.536502E-02   0.119371E+06   0.119355E+06   0.901817E-02
   0.574829E+00   0.225065E+06   0.223926E+06   0.233431E-01  -0.171924E-01   0.111525E+04   0.223873E+06   0.224885E+06   0.223873E+06  -0.528698E-02   0.117634E+06   0.117619E+06   0.880127E-02
   0.590324E+00   0.215923E+06   0.214833E+06   0.212347E-01  -0.156397E-01   0.101897E+04   0.214780E+06   0.215751E+06   0.214780E+06  -0.507224E-02   0.112856E+06   0.112842E+06   0.821711E-02
   0.626091E+00   0.196817E+06   0.195822E+06   0.172072E-01  -0.126737E-01   0.833383E+03   0.195774E+06   0.196660E+06   0.195774E+06  -0.462340E-02   0.102870E+06   0.102857E+06   0.707737E-02
   0.664024E+00   0.179358E+06   0.178452E+06   0.139403E-01  -0.102677E-01   0.681041E+03   0.178408E+06   0.179215E+06   0.178408E+06  -0.421327E-02   0.937447E+05   0.937326E+05   0.608567E-02
   0.926721E+00   0.105037E+06   0.104507E+06   0.419131E-02  -0.308730E-02   0.212997E+03   0.104479E+06   0.104953E+06   0.104479E+06  -0.246739E-02   0.548993E+05   0.548921E+05   0.258438E-02
   0.129334E+01   0.607526E+05   0.604457E+05   0.124461E-02  -0.916813E-03   0.649122E+02   0.604298E+05   0.607041E+05   0.604298E+05  -0.142711E-02   0.317533E+05   0.317490E+05   0.109628E-02
   0.180501E+01   0.347650E+05   0.345892E+05   0.365654E-03  -0.269361E-03   0.193832E+02   0.345802E+05   0.347372E+05   0.345802E+05  -0.816646E-03   0.181704E+05   0.181679E+05   0.469883E-03
   0.251909E+01   0.197120E+05   0.196121E+05   0.106442E-03  -0.784148E-04   0.569754E+01   0.196072E+05   0.196962E+05   0.196072E+05  -0.463043E-03   0.103028E+05   0.103012E+05   0.207099E-03
